0.01 398 398 398 402 395 
0.02 414 406 402 405 396 
0.03 423 415 407 409 397 
0.04 442 429 416 414 399 
0.05 439 437 422 419 402 
0.06 440 444 428 423 404 
0.07 435 446 432 427 407 
0.08 431 447 435 431 409 
0.09 427 446 436 433 411 
0.1 422 444 437 435 413 
0.11 418 441 437 436 414 
0.12 414 439 436 437 415 
0.13 410 437 436 438 416 
0.14 406 435 435 438 417 
0.15 402 433 434 438 417 
0.16 398 430 433 438 418 
0.17 394 428 431 437 418 
0.18 390 426 430 437 418 
0.19 386 424 429 436 417 
0.2 383 421 428 436 417 
0.21 380 419 426 435 417 
0.22 377 418 425 435 417 
0.23 373 416 425 434 416 
0.24 370 414 424 433 416 
0.25 367 412 423 433 416 
0.26 364 410 422 432 415 
0.27 361 408 421 432 415 
0.28 358 407 420 431 414 
0.29 355 405 419 431 414 
0.3 352 403 418 430 414 
0.31 348 402 417 430 413 
0.32 345 400 416 429 413 
0.33 342 398 415 428 412 
0.34 339 396 414 428 412 
0.35 336 395 413 427 411 
0.36 333 393 412 426 411 
0.37 330 391 411 426 411 
0.38 328 389 410 425 410 
0.39 325 388 408 424 410 
0.4 322 386 407 423 410 
0.41 320 384 406 422 409 
0.42 318 382 404 421 409 
0.43 315 381 403 421 408 
0.44 313 379 401 420 408 
0.45 311 378 400 419 408 
0.46 309 376 399 419 407 
0.47 307 375 398 418 407 
0.48 304 374 397 418 407 
0.49 302 372 396 417 406 
0.5 299 371 395 417 406 
0.51 296 369 394 416 406 
0.52 294 368 393 416 406 
0.53 292 366 392 415 405 
0.54 289 364 392 415 405 
0.55 287 363 391 414 405 
0.56 285 362 389 413 405 
0.57 283 361 388 412 404 
0.58 281 360 387 412 404 
0.59 278 358 386 411 404 
0.6 276 356 384 410 404 
0.61 274 354 383 409 403 
0.62 272 353 382 408 403 
0.63 270 351 381 407 402 
0.64 269 349 380 406 402 
0.65 267 348 379 405 402 
0.66 265 347 378 405 401 
0.67 262 346 378 404 401 
0.68 260 345 378 403 401 
0.69 258 344 377 403 400 
0.7 256 343 377 402 400 
0.71 254 341 376 401 400 
0.72 253 339 376 400 400 
0.73 251 338 375 400 399 
0.74 249 336 374 399 399 
0.75 247 335 373 398 399 
0.76 245 333 371 397 399 
0.77 244 331 370 396 398 
0.78 242 330 369 396 398 
0.79 241 328 368 395 398 
0.8 239 326 367 394 397 
0.81 237 324 366 394 397 
0.82 236 323 365 393 396 
0.83 234 322 365 392 396 
0.84 233 320 364 392 395 
0.85 231 319 363 391 395 
0.86 230 319 362 391 394 
0.87 229 318 361 390 394 
0.88 227 317 360 390 393 
0.89 226 316 359 389 393 
0.9 224 315 357 389 392 
0.91 222 314 356 388 391 
0.92 221 312 355 387 391 
0.93 220 311 354 387 390 
0.94 219 310 352 386 390 
0.95 218 309 351 386 389 
0.96 217 307 350 385 389 
0.97 215 306 349 384 388 
0.98 214 305 348 383 388 
0.99 212 303 347 382 387 
1 211 302 346 381 387 
1.01 209 301 346 381 386 
1.02 208 300 345 380 386 
1.03 207 299 345 379 386 
1.04 206 298 344 378 385 
1.05 205 297 344 377 385 
1.06 204 296 343 376 385 
1.07 202 295 342 375 385 
1.08 201 293 342 374 385 
1.09 200 292 341 374 385 
1.1 198 291 340 373 385 
1.11 197 290 339 372 385 
1.12 195 288 338 371 385 
1.13 194 287 337 371 385 
1.14 193 285 336 370 385 
1.15 193 284 336 369 385 
1.16 192 282 335 369 384 
1.17 191 281 334 368 384 
1.18 190 280 333 368 384 
1.19 189 279 332 367 384 
1.2 188 278 332 367 384 
1.21 187 277 331 366 383 
1.22 186 276 330 366 383 
1.23 185 274 330 365 383 
1.24 184 273 329 365 382 
1.25 183 271 328 364 382 
1.26 182 270 327 363 382 
1.27 181 268 326 363 381 
1.28 180 267 325 362 381 
1.29 179 266 324 361 381 
1.3 179 265 323 361 380 
1.31 178 264 322 360 380 
1.32 177 263 321 360 380 
1.33 176 262 320 359 379 
1.34 175 262 320 359 379 
1.35 174 261 319 358 378 
1.36 173 260 318 357 378 
1.37 172 260 318 357 377 
1.38 171 259 317 356 377 
1.39 170 258 316 355 376 
1.4 169 257 316 355 376 
1.41 168 256 315 354 375 
1.42 167 255 314 353 375 
1.43 166 254 313 353 374 
1.44 165 253 312 352 374 
1.45 164 253 311 352 373 
1.46 164 252 310 351 373 
1.47 163 252 309 350 373 
1.48 162 251 308 350 372 
1.49 162 250 307 349 372 
1.5 161 250 306 349 371 
1.51 161 249 306 348 371 
1.52 160 248 305 348 371 
1.53 159 247 304 347 370 
1.54 158 246 303 347 370 
1.55 157 245 302 347 370 
1.56 156 244 302 346 369 
1.57 155 244 301 346 369 
1.58 155 243 300 346 369 
1.59 154 242 300 345 369 
1.6 153 240 299 345 368 
1.61 153 239 298 345 368 
1.62 152 238 297 344 368 
1.63 151 237 297 343 367 
1.64 151 236 296 343 367 
1.65 150 235 295 342 367 
1.66 150 234 294 341 366 
1.67 150 233 294 341 366 
1.68 149 233 293 340 365 
1.69 149 232 292 339 365 
1.7 148 231 292 339 365 
1.71 148 231 291 338 364 
1.72 147 230 290 337 364 
1.73 146 230 290 337 363 
1.74 145 229 289 336 363 
1.75 145 228 288 336 363 
1.76 144 228 288 335 362 
1.77 144 227 287 335 362 
1.78 143 227 286 335 361 
1.79 142 226 285 334 361 
1.8 142 225 284 334 360 
1.81 141 225 283 333 360 
1.82 140 224 282 333 359 
1.83 139 224 282 332 359 
1.84 139 223 281 332 359 
1.85 138 223 280 331 358 
1.86 138 223 279 331 358 
1.87 137 222 278 330 357 
1.88 137 222 277 330 357 
1.89 136 221 276 330 357 
1.9 136 220 275 329 356 
1.91 135 219 275 329 356 
1.92 134 218 274 328 356 
1.93 134 217 273 328 355 
1.94 134 216 272 328 355 
1.95 133 216 272 327 355 
1.96 133 215 271 327 355 
1.97 133 214 270 326 354 
1.98 132 214 270 326 354 
1.99 132 213 269 325 354 
2 131 212 269 325 354 
2.01 131 212 268 324 354 
2.02 131 211 268 323 353 
2.03 130 211 267 322 353 
2.04 130 210 267 321 353 
2.05 129 210 266 321 353 
2.06 129 209 266 320 352 
2.07 129 209 265 319 352 
2.08 128 208 264 318 351 
2.09 128 208 263 318 351 
2.1 127 207 263 317 350 
2.11 127 207 262 317 350 
2.12 126 206 261 316 349 
2.13 126 206 261 316 349 
2.14 126 205 260 315 348 
2.15 125 205 260 315 348 
2.16 125 204 259 314 347 
2.17 124 204 258 314 347 
2.18 123 203 258 313 347 
2.19 122 202 257 313 346 
2.2 122 202 256 312 346 
2.21 122 201 255 312 345 
2.22 121 200 255 311 345 
2.23 121 199 254 311 345 
2.24 121 198 253 310 345 
2.25 120 198 253 309 344 
2.26 119 197 252 309 344 
2.27 119 197 252 308 344 
2.28 118 196 251 307 343 
2.29 118 196 251 307 343 
2.3 118 195 250 306 343 
2.31 117 195 250 306 342 
2.32 117 194 250 305 342 
2.33 116 194 249 304 342 
2.34 116 193 249 304 341 
2.35 115 193 248 303 341 
2.36 115 192 248 303 341 
2.37 114 192 248 302 340 
2.38 114 191 247 302 340 
2.39 114 191 247 301 340 
2.4 113 191 246 301 339 
2.41 113 190 246 300 339 
2.42 113 190 245 299 338 
2.43 112 189 244 299 338 
2.44 112 189 244 298 338 
2.45 112 188 243 298 337 
2.46 111 188 242 297 337 
2.47 111 187 241 297 337 
2.48 111 186 241 296 337 
2.49 111 186 240 296 336 
2.5 111 185 240 296 336 
2.51 111 184 239 295 336 
2.52 111 184 239 295 335 
2.53 110 183 238 295 335 
2.54 110 182 238 294 335 
2.55 110 182 238 294 334 
2.56 109 181 237 294 334 
2.57 109 180 237 293 333 
2.58 108 180 237 293 333 
2.59 108 179 236 292 332 
2.6 107 179 236 291 332 
2.61 107 178 235 291 331 
2.62 107 177 235 290 331 
2.63 106 177 234 289 330 
2.64 106 176 234 289 329 
2.65 106 175 233 288 329 
2.66 106 175 232 287 328 
2.67 106 174 232 287 328 
2.68 106 174 231 286 327 
2.69 105 174 231 286 327 
2.7 105 173 230 285 327 
2.71 105 173 230 285 327 
2.72 105 173 229 285 326 
2.73 104 172 229 284 326 
2.74 104 172 229 284 326 
2.75 104 172 228 283 326 
2.76 103 171 228 283 325 
2.77 103 170 227 283 325 
2.78 103 170 227 282 325 
2.79 103 169 226 282 325 
2.8 103 168 226 281 324 
2.81 102 167 226 281 324 
2.82 102 167 225 281 324 
2.83 102 166 225 280 324 
2.84 101 166 224 280 323 
2.85 101 165 224 279 323 
2.86 101 165 223 279 323 
2.87 101 165 223 278 322 
2.88 101 164 222 278 322 
2.89 101 164 221 277 321 
2.9 101 164 221 277 321 
2.91 100 164 220 276 320 
2.92 100 163 220 276 320 
2.93 100 163 219 275 319 
2.94 99 163 219 275 319 
2.95 99 162 218 274 318 
2.96 99 162 218 274 318 
2.97 99 162 218 273 317 
2.98 99 162 217 272 317 
2.99 98 161 217 272 316 
3 98 161 216 271 316 
3.01 97 160 216 271 315 
3.02 97 160 215 270 315 
3.03 97 160 215 270 315 
3.04 96 159 214 269 315 
3.05 96 159 214 269 314 
3.06 96 158 213 268 314 
3.07 96 158 213 268 314 
3.08 96 158 213 267 314 
3.09 96 157 213 267 313 
3.1 95 157 212 267 313 
3.11 95 157 212 266 313 
3.12 95 157 212 266 313 
3.13 94 156 212 266 312 
3.14 94 156 211 265 312 
3.15 94 155 211 265 312 
3.16 94 155 210 265 311 
3.17 93 155 210 264 311 
3.18 93 154 209 264 311 
3.19 92 154 209 263 310 
3.2 92 154 208 263 310 
3.21 92 153 207 262 310 
3.22 92 153 207 262 309 
3.23 92 153 206 261 309 
3.24 91 152 205 261 309 
3.25 91 152 205 260 308 
3.26 91 151 204 260 308 
3.27 91 151 204 260 308 
3.28 91 151 203 259 308 
3.29 90 150 203 259 307 
3.3 90 150 202 259 307 
3.31 90 150 202 259 307 
3.32 90 149 202 258 307 
3.33 89 149 201 258 307 
3.34 89 149 201 258 306 
3.35 89 148 201 257 306 
3.36 88 148 200 257 306 
3.37 88 148 200 256 305 
3.38 88 147 200 256 305 
3.39 88 147 199 256 305 
3.4 88 146 199 255 305 
3.41 88 146 198 255 304 
3.42 87 146 198 254 304 
3.43 87 145 197 254 304 
3.44 87 145 197 254 303 
3.45 87 144 196 253 303 
3.46 87 144 196 253 303 
3.47 86 144 195 252 302 
3.48 86 143 195 252 302 
3.49 86 143 195 252 301 
3.5 86 143 194 251 301 
3.51 85 142 194 251 300 
3.52 85 142 194 251 300 
3.53 85 142 193 250 299 
3.54 84 141 193 250 299 
3.55 84 141 193 250 298 
3.56 84 141 192 249 298 
3.57 84 140 192 249 297 
3.58 84 140 192 249 297 
3.59 84 140 191 248 296 
3.6 83 140 191 248 296 
3.61 83 139 191 248 296 
3.62 83 139 190 247 295 
3.63 83 139 190 247 295 
3.64 82 139 189 247 295 
3.65 82 139 189 246 295 
3.66 82 138 189 246 294 
3.67 82 138 189 246 294 
3.68 81 138 188 245 294 
3.69 81 137 188 245 294 
3.7 81 137 188 245 294 
3.71 81 137 188 244 294 
3.72 81 136 187 244 293 
3.73 81 136 187 244 293 
3.74 81 136 187 243 293 
3.75 80 136 187 243 293 
3.76 80 135 186 243 292 
3.77 80 135 186 242 292 
3.78 80 134 185 242 292 
3.79 79 134 185 241 291 
3.8 79 134 184 241 291 
3.81 79 133 184 241 290 
3.82 79 133 183 240 290 
3.83 79 133 183 240 290 
3.84 79 133 182 239 289 
3.85 79 133 182 239 289 
3.86 79 133 182 239 289 
3.87 79 133 182 239 288 
3.88 79 132 182 238 288 
3.89 79 132 181 238 288 
3.9 78 132 181 238 287 
3.91 78 131 181 238 287 
3.92 78 131 181 238 287 
3.93 78 131 181 237 286 
3.94 78 130 180 237 286 
3.95 77 130 180 237 286 
3.96 77 130 180 236 286 
3.97 77 129 179 236 285 
3.98 77 129 179 236 285 
3.99 76 128 179 235 285 
4 76 128 178 235 285 
4.01 76 128 178 235 284 
4.02 76 127 178 234 284 
4.03 76 127 177 234 284 
4.04 75 127 177 234 283 
4.05 75 126 177 234 283 
4.06 75 126 177 233 283 
4.07 75 125 176 233 282 
4.08 75 125 176 233 282 
4.09 75 125 176 233 282 
4.1 75 125 175 232 281 
4.11 75 124 175 232 281 
4.12 75 124 175 232 281 
4.13 74 124 174 232 281 
4.14 74 124 174 231 280 
4.15 74 124 173 231 280 
4.16 74 123 173 231 280 
4.17 73 123 172 231 279 
4.18 73 123 172 230 279 
4.19 73 123 172 230 279 
4.2 73 123 171 229 278 
4.21 73 123 171 229 278 
4.22 73 122 171 229 278 
4.23 73 122 171 228 277 
4.24 73 122 170 228 277 
4.25 72 122 170 227 277 
4.26 72 121 170 227 276 
4.27 72 121 170 227 276 
4.28 72 121 169 226 275 
4.29 72 121 169 226 275 
4.3 72 120 169 225 275 
4.31 72 120 169 225 274 
4.32 72 120 168 224 274 
4.33 72 120 168 224 273 
4.34 72 120 168 224 273 
4.35 72 120 168 223 273 
4.36 72 119 167 223 272 
4.37 72 119 167 223 272 
4.38 71 119 167 222 272 
4.39 71 119 166 222 271 
4.4 71 119 166 222 271 
4.41 71 119 166 222 270 
4.42 71 119 165 221 270 
4.43 71 119 165 221 270 
4.44 70 118 165 221 269 
4.45 70 118 164 221 269 
4.46 70 118 164 220 269 
4.47 70 118 164 220 269 
4.48 70 117 163 220 268 
4.49 70 117 163 220 268 
4.5 69 117 163 219 268 
4.51 69 117 163 219 268 
4.52 69 116 162 219 267 
4.53 69 116 162 218 267 
4.54 69 116 162 218 267 
4.55 68 116 161 218 267 
4.56 68 115 161 218 267 
4.57 68 115 161 217 266 
4.58 68 115 160 217 266 
4.59 68 114 160 216 266 
4.6 68 114 160 216 265 
4.61 68 114 160 216 265 
4.62 68 113 159 215 265 
4.63 67 113 159 215 264 
4.64 67 112 159 214 264 
4.65 67 112 158 214 264 
4.66 67 112 158 213 263 
4.67 67 112 158 213 263 
4.68 67 111 158 213 263 
4.69 67 111 157 212 263 
4.7 67 111 157 212 262 
4.71 67 111 157 212 262 
4.72 67 111 157 212 262 
4.73 67 111 156 211 261 
4.74 66 110 156 211 261 
4.75 66 110 156 211 261 
4.76 66 110 156 210 260 
4.77 66 110 156 210 260 
4.78 66 110 156 210 260 
4.79 66 110 155 209 259 
4.8 66 110 155 209 259 
4.81 65 110 155 209 259 
4.82 65 110 155 208 259 
4.83 65 109 154 208 258 
4.84 65 109 154 207 258 
4.85 65 109 154 207 258 
4.86 65 108 153 207 257 
4.87 65 108 153 206 257 
4.88 65 108 153 206 257 
4.89 65 107 153 206 257 
4.9 65 107 152 205 257 
4.91 65 107 152 205 256 
4.92 65 106 152 205 256 
4.93 65 106 152 204 256 
4.94 65 106 151 204 256 
4.95 65 105 151 204 255 
4.96 65 105 151 203 255 
4.97 64 105 151 203 255 
4.98 64 105 151 203 254 
4.99 64 105 151 202 254 
5 64 104 151 202 254 
5.01 64 104 150 202 254 
5.02 64 104 150 202 253 
5.03 64 104 150 201 253 
5.04 64 104 150 201 253 
5.05 64 104 150 201 253 
5.06 64 103 149 201 252 
5.07 63 103 149 200 252 
5.08 63 103 149 200 252 
5.09 63 103 149 200 251 
5.1 63 102 148 200 251 
5.11 63 102 148 199 251 
5.12 63 102 148 199 251 
5.13 63 102 148 199 250 
5.14 63 102 147 198 250 
5.15 62 101 147 198 250 
5.16 62 101 147 198 250 
5.17 62 101 146 197 249 
5.18 62 101 146 197 249 
5.19 62 101 146 197 249 
5.2 62 101 146 196 249 
5.21 62 101 146 196 248 
5.22 62 101 145 196 248 
5.23 62 101 145 195 248 
5.24 62 101 145 195 247 
5.25 62 101 145 195 247 
5.26 62 101 144 195 247 
5.27 62 100 144 194 247 
5.28 62 100 144 194 246 
5.29 62 100 144 194 246 
5.3 61 100 143 193 246 
5.31 61 100 143 193 245 
5.32 61 100 143 193 245 
5.33 61 99 143 192 245 
5.34 61 99 142 192 245 
5.35 61 99 142 191 244 
5.36 61 99 142 191 244 
5.37 61 99 142 191 244 
5.38 60 99 141 190 244 
5.39 60 99 141 190 243 
5.4 60 99 141 190 243 
5.41 60 99 141 189 243 
5.42 60 99 141 189 243 
5.43 60 99 140 189 243 
5.44 60 99 140 189 242 
5.45 60 99 140 189 242 
5.46 60 98 140 188 242 
5.47 60 98 140 188 242 
5.48 59 98 140 188 242 
5.49 59 98 139 188 242 
5.5 59 98 139 187 241 
5.51 59 97 139 187 241 
5.52 59 97 139 186 241 
5.53 59 97 138 186 241 
5.54 59 97 138 186 241 
5.55 59 97 138 185 240 
5.56 58 97 138 185 240 
5.57 58 96 137 185 240 
5.58 58 96 137 184 240 
5.59 58 96 137 184 239 
5.6 58 96 137 184 239 
5.61 58 95 136 184 239 
5.62 58 95 136 184 238 
5.63 58 95 136 184 238 
5.64 58 95 136 183 238 
5.65 58 94 135 183 237 
5.66 57 94 135 183 237 
5.67 57 94 135 183 237 
5.68 57 94 135 183 236 
5.69 57 94 135 183 236 
5.7 57 94 134 183 236 
5.71 57 94 134 182 236 
5.72 57 94 134 182 235 
5.73 57 94 134 182 235 
5.74 57 93 134 182 235 
5.75 57 93 133 181 234 
5.76 57 93 133 181 234 
5.77 57 93 133 181 234 
5.78 57 93 133 181 234 
5.79 56 93 132 181 233 
5.8 56 93 132 181 233 
5.81 56 92 132 180 233 
5.82 56 92 132 180 233 
5.83 56 92 131 180 233 
5.84 56 92 131 180 232 
5.85 56 92 131 180 232 
5.86 56 92 131 179 232 
5.87 56 92 131 179 232 
5.88 56 91 131 179 231 
5.89 55 91 131 179 231 
5.9 55 91 131 179 231 
5.91 55 91 130 178 230 
5.92 55 91 130 178 230 
5.93 55 91 130 178 230 
5.94 55 90 129 178 230 
5.95 55 90 129 177 229 
5.96 55 90 129 177 229 
5.97 54 90 129 177 229 
5.98 54 90 128 176 228 
5.99 54 90 128 176 228 
6 54 90 128 176 228 
6.01 54 90 128 176 227 
6.02 54 89 127 176 227 
6.03 54 89 127 175 227 
6.04 54 89 127 175 227 
6.05 54 89 127 175 226 
6.06 54 89 127 175 226 
6.07 54 89 126 175 226 
6.08 54 89 126 175 226 
6.09 54 89 126 174 225 
6.1 54 89 126 174 225 
6.11 54 89 126 174 225 
6.12 54 89 126 174 225 
6.13 54 89 125 174 225 
6.14 53 89 125 174 224 
6.15 53 89 125 173 224 
6.16 53 89 125 173 224 
6.17 53 89 124 173 223 
6.18 53 89 124 173 223 
6.19 53 88 124 172 223 
6.2 53 88 124 172 223 
6.21 53 88 123 172 222 
6.22 53 88 123 172 222 
6.23 53 87 123 171 222 
6.24 53 87 122 171 222 
6.25 53 87 122 171 221 
6.26 53 87 122 171 221 
6.27 53 87 122 171 221 
6.28 53 87 121 170 221 
6.29 53 87 121 170 221 
6.3 53 87 121 170 220 
6.31 53 87 121 170 220 
6.32 52 87 121 170 220 
6.33 52 87 120 169 220 
6.34 52 86 120 169 220 
6.35 52 86 120 169 219 
6.36 52 86 120 169 219 
6.37 52 86 120 168 219 
6.38 52 86 120 168 219 
6.39 52 86 119 168 218 
6.4 52 86 119 167 218 
6.41 52 85 119 167 218 
6.42 52 85 119 167 218 
6.43 51 85 119 167 217 
6.44 51 85 119 166 217 
6.45 51 85 119 166 217 
6.46 51 84 119 166 216 
6.47 51 84 118 166 216 
6.48 51 84 118 166 216 
6.49 51 84 118 165 216 
6.5 51 84 118 165 215 
6.51 51 84 118 165 215 
6.52 51 84 118 165 215 
6.53 51 84 117 165 215 
6.54 51 84 117 164 215 
6.55 51 84 117 164 214 
6.56 50 84 117 164 214 
6.57 50 84 117 164 214 
6.58 50 84 117 163 214 
6.59 50 84 116 163 213 
6.6 50 84 116 163 213 
6.61 50 83 116 163 213 
6.62 50 83 116 163 213 
6.63 50 83 116 163 213 
6.64 50 83 116 162 212 
6.65 50 83 116 162 212 
6.66 50 83 115 162 212 
6.67 50 83 115 162 212 
6.68 50 82 115 162 212 
6.69 50 82 115 161 211 
6.7 50 82 115 161 211 
6.71 50 82 114 161 211 
6.72 49 82 114 161 210 
6.73 49 82 114 161 210 
6.74 49 82 114 160 210 
6.75 49 81 114 160 210 
6.76 49 81 114 160 209 
6.77 49 81 114 160 209 
6.78 49 81 113 160 209 
6.79 49 81 113 160 209 
6.8 49 80 113 159 208 
6.81 49 80 113 159 208 
6.82 49 80 113 159 208 
6.83 49 80 112 159 208 
6.84 49 80 112 158 207 
6.85 49 80 112 158 207 
6.86 49 80 112 158 207 
6.87 49 80 112 158 207 
6.88 49 80 111 157 206 
6.89 49 80 111 157 206 
6.9 49 79 111 157 206 
6.91 49 79 111 157 206 
6.92 49 79 111 156 206 
6.93 49 79 111 156 206 
6.94 48 79 111 156 205 
6.95 48 79 111 156 205 
6.96 48 79 110 156 205 
6.97 48 78 110 156 205 
6.98 48 78 110 155 205 
6.99 48 78 110 155 205 
7 48 78 110 155 204 
7.01 48 78 110 155 204 
7.02 48 78 110 155 204 
7.03 48 78 110 155 204 
7.04 48 77 109 154 203 
7.05 48 77 109 154 203 
7.06 48 77 109 154 203 
7.07 48 77 109 154 203 
7.08 48 77 109 153 202 
7.09 48 77 109 153 202 
7.1 48 77 109 153 202 
7.11 48 77 108 153 201 
7.12 47 76 108 153 201 
7.13 47 76 108 152 201 
7.14 47 76 108 152 201 
7.15 47 76 108 152 200 
7.16 47 76 108 152 200 
7.17 47 76 108 152 200 
7.18 47 76 108 152 200 
7.19 47 76 107 151 200 
7.2 47 76 107 151 199 
7.21 47 76 107 151 199 
7.22 47 76 107 151 199 
7.23 46 76 107 151 199 
7.24 46 76 107 151 198 
7.25 46 76 107 150 198 
7.26 46 76 107 150 198 
7.27 46 76 106 150 198 
7.28 46 76 106 150 198 
7.29 46 75 106 150 197 
7.3 46 75 106 149 197 
7.31 46 75 106 149 197 
7.32 46 75 106 149 197 
7.33 46 75 106 149 196 
7.34 46 75 106 148 196 
7.35 46 74 106 148 196 
7.36 46 74 106 148 196 
7.37 46 74 106 148 195 
7.38 46 74 105 147 195 
7.39 46 74 105 147 195 
7.4 46 74 105 147 195 
7.41 46 74 105 147 194 
7.42 45 74 105 147 194 
7.43 45 74 105 146 194 
7.44 45 74 105 146 194 
7.45 45 74 104 146 194 
7.46 45 74 104 146 193 
7.47 45 74 104 146 193 
7.48 45 74 104 145 193 
7.49 45 74 104 145 193 
7.5 45 74 104 145 193 
7.51 45 74 104 145 192 
7.52 45 74 104 145 192 
7.53 45 74 103 145 192 
7.54 45 74 103 144 192 
7.55 45 73 103 144 191 
7.56 44 73 103 144 191 
7.57 44 73 103 144 191 
7.58 44 73 102 144 191 
7.59 44 73 102 144 191 
7.6 44 73 102 144 190 
7.61 44 73 102 143 190 
7.62 44 73 102 143 190 
7.63 44 73 102 143 190 
7.64 44 73 102 143 190 
7.65 44 73 101 143 189 
7.66 44 73 101 143 189 
7.67 44 72 101 142 189 
7.68 44 72 101 142 189 
7.69 44 72 101 142 189 
7.7 44 72 101 142 188 
7.71 44 72 101 142 188 
7.72 44 72 101 141 188 
7.73 44 72 101 141 188 
7.74 44 72 100 141 188 
7.75 44 72 100 141 188 
7.76 44 71 100 141 187 
7.77 44 71 100 141 187 
7.78 44 71 100 140 187 
7.79 43 71 100 140 187 
7.8 43 71 100 140 187 
7.81 43 71 99 140 187 
7.82 43 71 99 140 187 
7.83 43 71 99 140 186 
7.84 43 71 99 139 186 
7.85 43 71 99 139 186 
7.86 43 71 99 139 186 
7.87 43 71 99 139 186 
7.88 43 71 99 139 186 
7.89 43 71 99 138 186 
7.9 43 71 98 138 185 
7.91 43 71 98 138 185 
7.92 42 71 98 138 185 
7.93 42 71 98 137 185 
7.94 42 71 98 137 185 
7.95 42 70 98 137 184 
7.96 42 70 98 137 184 
7.97 42 70 98 137 184 
7.98 42 70 98 137 184 
7.99 42 70 98 136 184 
8 42 70 98 136 183 
8.01 42 70 97 136 183 
8.02 42 70 97 136 183 
8.03 42 70 97 136 183 
8.04 42 70 97 136 183 
8.05 41 70 97 135 182 
8.06 41 70 97 135 182 
8.07 41 70 97 135 182 
8.08 41 69 97 135 182 
8.09 41 69 96 135 182 
8.1 41 69 96 134 182 
8.11 41 69 96 134 181 
8.12 41 69 96 134 181 
8.13 41 69 96 134 181 
8.14 41 69 96 134 181 
8.15 41 69 96 133 181 
8.16 41 69 96 133 181 
8.17 41 69 95 133 180 
8.18 41 69 95 133 180 
8.19 41 69 95 132 180 
8.2 41 69 95 132 180 
8.21 41 69 95 132 180 
8.22 41 69 95 132 179 
8.23 41 69 95 131 179 
8.24 41 69 95 131 179 
8.25 41 69 94 131 179 
8.26 41 68 94 131 179 
8.27 41 68 94 131 178 
8.28 41 68 94 130 178 
8.29 41 68 94 130 178 
8.3 41 68 94 130 178 
8.31 41 68 94 130 178 
8.32 41 68 94 130 178 
8.33 40 68 94 129 177 
8.34 40 68 94 129 177 
8.35 40 67 93 129 177 
8.36 40 67 93 129 177 
8.37 40 67 93 129 177 
8.38 40 67 93 128 177 
8.39 40 67 93 128 177 
8.4 40 67 93 128 177 
8.41 40 67 93 128 176 
8.42 40 67 93 128 176 
8.43 40 67 93 127 176 
8.44 40 67 93 127 176 
8.45 40 66 93 127 176 
8.46 40 66 93 127 176 
8.47 40 66 92 127 175 
8.48 40 66 92 127 175 
8.49 40 66 92 127 175 
8.5 40 66 92 127 175 
8.51 40 66 92 126 175 
8.52 40 66 92 126 174 
8.53 40 66 92 126 174 
8.54 40 66 92 126 174 
8.55 40 66 92 126 174 
8.56 40 66 92 126 174 
8.57 40 65 92 126 173 
8.58 39 65 92 126 173 
8.59 39 65 92 125 173 
8.6 39 65 92 125 173 
8.61 39 65 92 125 173 
8.62 39 65 92 125 172 
8.63 39 65 92 125 172 
8.64 39 65 92 125 172 
8.65 39 65 92 124 172 
8.66 39 65 92 124 172 
8.67 39 65 92 124 172 
8.68 39 65 91 124 171 
8.69 39 64 91 124 171 
8.7 39 64 91 123 171 
8.71 39 64 91 123 171 
8.72 39 64 91 123 171 
8.73 39 64 91 123 170 
8.74 39 64 91 123 170 
8.75 38 64 91 122 170 
8.76 38 64 91 122 170 
8.77 38 64 90 122 170 
8.78 38 64 90 122 169 
8.79 38 64 90 122 169 
8.8 38 64 90 122 169 
8.81 38 64 90 122 169 
8.82 38 64 90 122 169 
8.83 38 63 90 122 169 
8.84 38 63 90 121 168 
8.85 38 63 90 121 168 
8.86 38 63 90 121 168 
8.87 38 63 89 121 168 
8.88 38 63 89 121 168 
8.89 37 63 89 121 168 
8.9 37 63 89 121 167 
8.91 37 63 89 121 167 
8.92 37 63 89 120 167 
8.93 37 62 89 120 167 
8.94 37 62 88 120 167 
8.95 37 62 88 120 167 
8.96 37 62 88 120 166 
8.97 37 62 88 120 166 
8.98 37 62 88 120 166 
8.99 37 62 88 119 166 
9 37 62 88 119 166 
9.01 37 62 87 119 166 
9.02 37 62 87 119 165 
9.03 37 62 87 119 165 
9.04 37 62 87 119 165 
9.05 37 62 87 119 165 
9.06 37 62 87 119 165 
9.07 37 62 87 119 165 
9.08 37 61 87 119 165 
9.09 37 61 86 118 164 
9.1 37 61 86 118 164 
9.11 36 61 86 118 164 
9.12 36 61 86 118 164 
9.13 36 61 86 118 164 
9.14 36 61 86 118 164 
9.15 36 61 85 117 164 
9.16 36 61 85 117 164 
9.17 36 61 85 117 163 
9.18 36 61 85 117 163 
9.19 36 61 85 117 163 
9.2 36 61 85 117 163 
9.21 36 61 85 117 163 
9.22 36 61 85 116 163 
9.23 36 61 85 116 163 
9.24 36 61 85 116 163 
9.25 36 61 84 116 162 
9.26 36 60 84 116 162 
9.27 36 60 84 116 162 
9.28 36 60 84 116 162 
9.29 36 60 84 116 162 
9.3 36 60 84 116 162 
9.31 36 60 84 115 161 
9.32 36 60 84 115 161 
9.33 36 60 84 115 161 
9.34 36 60 83 115 161 
9.35 36 60 83 115 161 
9.36 35 60 83 115 161 
9.37 35 59 83 115 161 
9.38 35 59 83 114 160 
9.39 35 59 83 114 160 
9.4 35 59 83 114 160 
9.41 35 59 83 114 160 
9.42 35 59 83 114 160 
9.43 35 59 83 114 159 
9.44 35 59 82 114 159 
9.45 35 59 82 114 159 
9.46 35 59 82 114 159 
9.47 35 59 82 113 159 
9.48 35 59 82 113 158 
9.49 35 59 82 113 158 
9.5 35 59 82 113 158 
9.51 35 59 82 113 158 
9.52 35 59 82 113 158 
9.53 35 59 82 112 158 
9.54 35 59 82 112 157 
9.55 35 59 82 112 157 
9.56 35 59 82 112 157 
9.57 35 59 81 112 157 
9.58 35 59 81 112 157 
9.59 35 59 81 112 157 
9.6 35 59 81 111 156 
9.61 35 58 81 111 156 
9.62 35 58 81 111 156 
9.63 34 58 81 111 156 
9.64 34 58 81 111 156 
9.65 34 58 80 111 156 
9.66 34 58 80 111 156 
9.67 34 58 80 111 155 
9.68 34 58 80 111 155 
9.69 34 58 80 111 155 
9.7 34 58 80 110 155 
9.71 34 58 80 110 155 
9.72 34 58 80 110 155 
9.73 34 58 80 110 155 
9.74 34 58 79 110 155 
9.75 34 58 79 110 154 
9.76 34 58 79 110 154 
9.77 34 58 79 110 154 
9.78 34 58 79 109 154 
9.79 34 58 79 109 154 
9.8 34 58 79 109 154 
9.81 34 57 79 109 153 
9.82 33 57 79 109 153 
9.83 33 57 79 109 153 
9.84 33 57 79 109 153 
9.85 33 57 78 108 153 
9.86 33 57 78 108 153 
9.87 33 57 78 108 152 
9.88 33 57 78 108 152 
9.89 33 57 78 108 152 
9.9 33 57 78 108 152 
9.91 33 57 78 108 152 
9.92 33 57 78 108 152 
9.93 33 57 78 108 151 
9.94 33 57 78 108 151 
9.95 33 57 77 108 151 
9.96 33 57 77 108 151 
9.97 33 57 77 108 151 
9.98 33 57 77 108 151 
9.99 33 57 77 107 151 
10 33 57 77 107 151 
10.01 33 57 77 107 150 
10.02 33 57 76 107 150 
10.03 33 57 76 107 150 
10.04 33 56 76 107 150 
10.05 33 56 76 107 150 
10.06 33 56 76 107 150 
10.07 32 56 76 107 150 
10.08 32 56 76 106 150 
10.09 32 56 76 106 149 
10.1 32 56 76 106 149 
10.11 32 56 76 106 149 
10.12 32 56 75 106 149 
10.13 32 56 75 106 149 
10.14 32 56 75 106 149 
10.15 32 56 75 106 148 
10.16 32 56 75 106 148 
10.17 32 56 75 106 148 
10.18 32 56 75 105 148 
10.19 32 56 75 105 148 
10.2 32 56 75 105 148 
10.21 32 55 75 105 148 
10.22 32 55 75 105 147 
10.23 32 55 75 105 147 
10.24 32 55 75 105 147 
10.25 32 55 75 104 147 
10.26 32 55 75 104 147 
10.27 32 55 75 104 147 
10.28 32 55 75 104 147 
10.29 32 55 75 104 147 
10.3 32 55 75 104 146 
10.31 32 55 75 104 146 
10.32 32 55 74 104 146 
10.33 32 55 74 104 146 
10.34 32 55 74 103 146 
10.35 32 55 74 103 146 
10.36 31 55 74 103 146 
10.37 31 55 74 103 145 
10.38 31 55 74 103 145 
10.39 31 55 74 103 145 
10.4 31 54 74 103 145 
10.41 31 54 74 103 145 
10.42 31 54 74 103 145 
10.43 31 54 73 103 145 
10.44 31 54 73 103 145 
10.45 31 54 73 103 144 
10.46 31 54 73 102 144 
10.47 31 54 73 102 144 
10.48 31 54 73 102 144 
10.49 31 54 73 102 144 
10.5 31 53 73 102 144 
10.51 31 53 73 102 144 
10.52 31 53 73 102 143 
10.53 31 53 73 102 143 
10.54 31 53 73 102 143 
10.55 31 53 73 102 143 
10.56 31 53 73 102 143 
10.57 31 53 73 101 142 
10.58 31 53 72 101 142 
10.59 31 53 72 101 142 
10.6 31 53 72 101 142 
10.61 31 53 72 101 142 
10.62 31 53 72 101 141 
10.63 31 53 72 101 141 
10.64 31 52 72 101 141 
10.65 31 52 72 101 141 
10.66 31 52 72 101 141 
10.67 31 52 72 100 141 
10.68 31 52 72 100 140 
10.69 31 52 72 100 140 
10.7 31 52 72 100 140 
10.71 31 52 72 100 140 
10.72 31 52 71 100 140 
10.73 31 52 71 100 140 
10.74 31 52 71 100 140 
10.75 31 52 71 99 139 
10.76 31 52 71 99 139 
10.77 31 52 71 99 139 
10.78 30 52 71 99 139 
10.79 30 52 71 99 139 
10.8 30 52 70 99 139 
10.81 30 52 70 99 139 
10.82 30 52 70 99 139 
10.83 30 52 70 99 138 
10.84 30 51 70 98 138 
10.85 30 51 70 98 138 
10.86 30 51 70 98 138 
10.87 30 51 70 98 138 
10.88 30 51 70 98 138 
10.89 30 51 70 98 138 
10.9 30 51 70 98 138 
10.91 30 51 70 98 137 
10.92 30 51 70 98 137 
10.93 30 51 69 98 137 
10.94 30 51 69 98 137 
10.95 30 51 69 98 137 
10.96 30 51 69 98 137 
10.97 30 51 69 98 137 
10.98 30 51 69 98 137 
10.99 30 51 69 98 137 
11 30 50 69 98 136 
11.01 30 50 69 98 136 
11.02 30 50 69 97 136 
11.03 30 50 69 97 136 
11.04 30 50 68 97 136 
11.05 30 50 68 97 136 
11.06 30 50 68 97 136 
11.07 30 50 68 97 136 
11.08 30 50 68 97 135 
11.09 30 50 68 97 135 
11.1 30 50 68 96 135 
11.11 30 50 68 96 135 
11.12 29 50 68 96 135 
11.13 29 50 68 96 135 
11.14 29 50 68 96 135 
11.15 29 50 68 96 134 
11.16 29 50 67 96 134 
11.17 29 50 67 96 134 
11.18 29 50 67 95 134 
11.19 29 50 67 95 134 
11.2 29 50 67 95 134 
11.21 29 50 67 95 133 
11.22 29 50 67 95 133 
11.23 29 49 67 95 133 
11.24 29 49 67 95 133 
11.25 29 49 67 95 133 
11.26 29 49 67 94 133 
11.27 29 49 67 94 132 
11.28 29 49 67 94 132 
11.29 29 49 67 94 132 
11.3 29 49 67 94 132 
11.31 29 49 67 94 132 
11.32 29 49 67 94 132 
11.33 29 49 67 94 132 
11.34 29 49 67 94 131 
11.35 29 49 67 93 131 
11.36 29 49 67 93 131 
11.37 29 49 67 93 131 
11.38 29 49 67 93 131 
11.39 29 49 67 93 131 
11.4 29 49 66 93 131 
11.41 29 49 66 93 130 
11.42 29 49 66 93 130 
11.43 29 49 66 93 130 
11.44 29 49 66 92 130 
11.45 29 49 66 92 130 
11.46 29 49 66 92 130 
11.47 29 49 66 92 130 
11.48 29 49 66 92 130 
11.49 29 48 66 92 130 
11.5 29 48 66 92 129 
11.51 29 48 66 92 129 
11.52 29 48 66 92 129 
11.53 29 48 65 92 129 
11.54 29 48 65 92 129 
11.55 29 48 65 92 129 
11.56 28 48 65 92 129 
11.57 28 48 65 92 129 
11.58 28 48 65 92 129 
11.59 28 48 65 92 129 
11.6 28 48 65 91 128 
11.61 28 48 64 91 128 
11.62 28 47 64 91 128 
11.63 28 47 64 91 128 
11.64 28 47 64 91 128 
11.65 28 47 64 91 128 
11.66 28 47 64 91 127 
11.67 28 47 64 91 127 
11.68 28 47 64 91 127 
11.69 28 47 64 91 127 
11.7 28 47 64 91 127 
11.71 28 47 64 91 127 
11.72 28 47 64 91 127 
11.73 28 47 64 90 127 
11.74 28 47 64 90 127 
11.75 28 47 64 90 127 
11.76 28 47 64 90 127 
11.77 28 47 64 90 126 
11.78 28 47 63 90 126 
11.79 28 47 63 90 126 
11.8 28 47 63 90 126 
11.81 28 47 63 90 126 
11.82 28 47 63 90 126 
11.83 28 47 63 90 126 
11.84 28 46 63 90 126 
11.85 28 46 63 90 126 
11.86 28 46 63 90 126 
11.87 28 46 63 90 126 
11.88 28 46 63 90 126 
11.89 28 46 63 90 126 
11.9 28 46 63 89 125 
11.91 28 46 63 89 125 
11.92 28 46 62 89 125 
11.93 28 46 62 89 125 
11.94 28 46 62 89 125 
11.95 27 46 62 89 125 
11.96 27 46 62 89 125 
11.97 27 46 62 89 125 
11.98 27 46 62 88 124 
11.99 27 46 62 88 124 
12 27 46 62 88 124 
12.01 27 46 62 88 124 
12.02 27 46 62 88 124 
12.03 27 46 62 88 124 
12.04 27 46 62 88 124 
12.05 27 46 62 88 123 
12.06 27 46 62 88 123 
12.07 27 46 62 88 123 
12.08 27 46 62 88 123 
12.09 27 46 62 88 123 
12.1 27 45 62 87 123 
12.11 27 45 62 87 123 
12.12 27 45 62 87 123 
12.13 27 45 61 87 123 
12.14 27 45 61 87 123 
12.15 27 45 61 87 122 
12.16 27 45 61 87 122 
12.17 27 45 61 87 122 
12.18 27 45 61 87 122 
12.19 27 45 61 87 122 
12.2 26 45 61 86 122 
12.21 26 45 61 86 122 
12.22 26 45 61 86 122 
12.23 26 45 61 86 122 
12.24 26 45 61 86 121 
12.25 26 45 61 86 121 
12.26 26 44 61 86 121 
12.27 26 44 61 86 121 
12.28 26 44 61 86 121 
12.29 26 44 61 86 121 
12.3 26 44 60 86 121 
12.31 26 44 60 86 120 
12.32 26 44 60 86 120 
12.33 26 44 60 85 120 
12.34 26 44 60 85 120 
12.35 26 44 60 85 120 
12.36 26 44 60 85 120 
12.37 26 44 60 85 120 
12.38 26 44 60 85 120 
12.39 26 44 60 85 119 
12.4 26 44 60 85 119 
12.41 26 44 60 85 119 
12.42 26 44 60 85 119 
12.43 26 44 60 85 119 
12.44 26 44 59 85 119 
12.45 26 44 59 85 119 
12.46 26 44 59 84 119 
12.47 26 44 59 84 119 
12.48 26 44 59 84 118 
12.49 26 44 59 84 118 
12.5 26 44 59 84 118 
12.51 26 44 59 84 118 
12.52 26 44 59 84 118 
12.53 26 43 59 84 118 
12.54 26 43 59 84 118 
12.55 26 43 59 84 118 
12.56 26 43 59 84 118 
12.57 26 43 59 84 118 
12.58 26 43 58 84 117 
12.59 26 43 58 84 117 
12.6 26 43 58 84 117 
12.61 26 43 58 84 117 
12.62 26 43 58 83 117 
12.63 26 43 58 83 117 
12.64 26 43 58 83 117 
12.65 26 43 58 83 117 
12.66 26 43 58 83 116 
12.67 26 43 58 83 116 
12.68 26 43 58 83 116 
12.69 26 43 58 83 116 
12.7 26 43 58 83 116 
12.71 26 43 58 83 116 
12.72 25 43 58 83 116 
12.73 25 43 58 83 116 
12.74 25 43 57 83 116 
12.75 25 43 57 83 116 
12.76 25 43 57 82 115 
12.77 25 43 57 82 115 
12.78 25 43 57 82 115 
12.79 25 43 57 82 115 
12.8 25 43 57 82 115 
12.81 25 43 57 82 115 
12.82 25 42 57 82 115 
12.83 25 42 57 82 115 
12.84 25 42 57 82 115 
12.85 25 42 57 82 115 
12.86 25 42 57 82 115 
12.87 25 42 57 81 114 
12.88 25 42 57 81 114 
12.89 25 42 57 81 114 
12.9 25 42 57 81 114 
12.91 25 42 57 81 114 
12.92 25 42 57 81 114 
12.93 25 42 56 81 114 
12.94 25 42 56 81 114 
12.95 25 42 56 81 114 
12.96 25 42 56 81 114 
12.97 25 42 56 81 113 
12.98 25 42 56 81 113 
12.99 25 42 56 81 113 
13 25 42 56 81 113 
13.01 25 42 56 81 113 
13.02 25 42 56 81 113 
13.03 25 42 56 81 113 
13.04 25 42 56 80 113 
13.05 25 42 56 80 113 
13.06 25 41 56 80 113 
13.07 25 41 56 80 112 
13.08 25 41 56 80 112 
13.09 25 41 56 80 112 
13.1 25 41 56 80 112 
13.11 25 41 56 80 112 
13.12 25 41 56 80 112 
13.13 25 41 56 79 112 
13.14 25 41 55 79 112 
13.15 25 41 55 79 112 
13.16 25 41 55 79 112 
13.17 25 41 55 79 111 
13.18 25 41 55 79 111 
13.19 25 41 55 79 111 
13.2 25 41 55 79 111 
13.21 25 41 55 79 111 
13.22 25 41 55 79 111 
13.23 25 41 55 79 111 
13.24 25 41 55 79 111 
13.25 25 41 55 78 111 
13.26 25 41 55 78 110 
13.27 25 41 55 78 110 
13.28 24 41 55 78 110 
13.29 24 41 55 78 110 
13.3 24 41 55 78 110 
13.31 24 41 55 78 110 
13.32 24 41 55 78 110 
13.33 24 41 55 78 110 
13.34 24 41 55 78 110 
13.35 24 41 55 78 110 
13.36 24 41 55 78 109 
13.37 24 40 55 78 109 
13.38 24 40 55 78 109 
13.39 24 40 55 78 109 
13.4 24 40 55 78 109 
13.41 24 40 54 78 109 
13.42 24 40 54 77 109 
13.43 24 40 54 77 109 
13.44 24 40 54 77 109 
13.45 24 40 54 77 109 
13.46 24 40 54 77 109 
13.47 24 40 54 77 108 
13.48 24 40 54 77 108 
13.49 24 40 54 77 108 
13.5 24 40 54 77 108 
13.51 24 40 54 77 108 
13.52 24 40 54 77 108 
13.53 24 40 54 77 108 
13.54 24 40 54 77 108 
13.55 24 40 54 77 108 
13.56 24 40 54 77 108 
13.57 24 40 54 76 107 
13.58 24 40 54 76 107 
13.59 24 40 53 76 107 
13.6 24 40 53 76 107 
13.61 24 40 53 76 107 
13.62 24 40 53 76 107 
13.63 24 40 53 76 107 
13.64 24 40 53 76 107 
13.65 24 39 53 76 107 
13.66 24 39 53 76 107 
13.67 24 39 53 76 106 
13.68 23 39 53 76 106 
13.69 23 39 53 76 106 
13.7 23 39 53 76 106 
13.71 23 39 53 76 106 
13.72 23 39 53 75 106 
13.73 23 39 53 75 106 
13.74 23 39 53 75 106 
13.75 23 39 53 75 106 
13.76 23 39 53 75 106 
13.77 23 39 53 75 106 
13.78 23 39 53 75 106 
13.79 23 39 52 75 106 
13.8 23 39 52 75 105 
13.81 23 39 52 75 105 
13.82 23 39 52 75 105 
13.83 23 39 52 75 105 
13.84 23 38 52 75 105 
13.85 23 38 52 75 105 
13.86 23 38 52 75 105 
13.87 23 38 52 74 105 
13.88 23 38 52 74 105 
13.89 23 38 52 74 105 
13.9 23 38 52 74 105 
13.91 23 38 52 74 105 
13.92 23 38 52 74 104 
13.93 23 38 52 74 104 
13.94 23 38 52 74 104 
13.95 23 38 52 74 104 
13.96 23 38 52 74 104 
13.97 23 38 52 74 104 
13.98 23 38 52 74 104 
13.99 23 38 52 74 104 
14 23 38 52 74 104 
14.01 23 38 52 74 103 
14.02 23 38 52 74 103 
14.03 23 38 52 74 103 
14.04 23 38 52 74 103 
14.05 23 38 52 73 103 
14.06 23 38 52 73 103 
14.07 23 38 52 73 103 
14.08 23 38 52 73 103 
14.09 23 38 52 73 103 
14.1 23 38 51 73 103 
14.11 23 38 51 73 103 
14.12 23 37 51 73 103 
14.13 23 37 51 73 103 
14.14 23 37 51 73 102 
14.15 23 37 51 73 102 
14.16 23 37 51 73 102 
14.17 23 37 51 73 102 
14.18 23 37 51 73 102 
14.19 23 37 51 73 102 
14.2 23 37 51 73 102 
14.21 22 37 51 73 102 
14.22 22 37 51 72 102 
14.23 22 37 51 72 102 
14.24 22 37 51 72 102 
14.25 22 37 51 72 102 
14.26 22 37 51 72 101 
14.27 22 37 51 72 101 
14.28 22 37 51 72 101 
14.29 22 37 51 72 101 
14.3 22 37 51 72 101 
14.31 22 37 51 72 101 
14.32 22 37 51 72 101 
14.33 22 37 50 72 101 
14.34 22 37 50 72 101 
14.35 22 37 50 71 100 
14.36 22 37 50 71 100 
14.37 22 37 50 71 100 
14.38 22 37 50 71 100 
14.39 22 36 50 71 100 
14.4 22 36 50 71 100 
14.41 22 36 50 71 100 
14.42 22 36 50 71 100 
14.43 22 36 50 71 100 
14.44 22 36 50 71 99 
14.45 22 36 50 71 99 
14.46 22 36 50 71 99 
14.47 22 36 50 71 99 
14.48 22 36 50 71 99 
14.49 22 36 50 71 99 
14.5 22 36 50 71 99 
14.51 22 36 50 71 99 
14.52 22 36 50 71 99 
14.53 22 36 50 71 99 
14.54 22 36 50 70 99 
14.55 22 36 50 70 99 
14.56 22 36 50 70 98 
14.57 22 36 50 70 98 
14.58 22 36 49 70 98 
14.59 22 36 49 70 98 
14.6 22 36 49 70 98 
14.61 22 36 49 70 98 
14.62 22 36 49 70 98 
14.63 22 36 49 70 98 
14.64 22 36 49 70 98 
14.65 22 36 49 70 98 
14.66 22 36 49 70 98 
14.67 21 36 49 70 98 
14.68 21 36 49 70 98 
14.69 21 36 49 70 98 
14.7 21 36 49 70 98 
14.71 21 35 49 70 97 
14.72 21 35 49 70 97 
14.73 21 35 49 70 97 
14.74 21 35 49 70 97 
14.75 21 35 49 70 97 
14.76 21 35 48 70 97 
14.77 21 35 48 70 97 
14.78 21 35 48 70 97 
14.79 21 35 48 70 97 
14.8 21 35 48 70 97 
14.81 21 35 48 70 97 
14.82 21 35 48 69 96 
14.83 21 35 48 69 96 
14.84 21 35 48 69 96 
14.85 21 35 48 69 96 
14.86 21 35 48 69 96 
14.87 21 35 48 69 96 
14.88 21 35 48 69 96 
14.89 21 35 48 69 96 
14.9 21 35 48 69 96 
14.91 21 35 48 69 96 
14.92 21 35 48 69 96 
14.93 21 35 48 69 96 
14.94 21 35 48 69 96 
14.95 21 35 48 69 95 
14.96 21 35 48 69 95 
14.97 21 34 48 69 95 
14.98 21 34 48 69 95 
14.99 21 34 47 69 95 
15 21 34 47 69 95 
15.01 21 34 47 69 95 
15.02 21 34 47 69 95 
15.03 21 34 47 69 95 
15.04 21 34 47 69 95 
15.05 21 34 47 68 95 
15.06 21 34 47 68 94 
15.07 21 34 47 68 94 
15.08 21 34 47 68 94 
15.09 21 34 47 68 94 
15.1 21 34 47 68 94 
15.11 21 34 47 68 94 
15.12 21 34 47 68 94 
15.13 21 34 47 68 94 
15.14 21 34 47 68 94 
15.15 21 34 47 68 94 
15.16 21 34 47 67 93 
15.17 21 34 47 67 93 
15.18 21 34 47 67 93 
15.19 21 34 47 67 93 
15.2 21 34 47 67 93 
15.21 21 34 47 67 93 
15.22 21 34 47 67 93 
15.23 21 34 47 67 93 
15.24 21 34 47 67 93 
15.25 21 34 47 67 93 
15.26 21 34 47 67 93 
15.27 21 34 47 67 93 
15.28 21 34 47 67 92 
15.29 21 34 47 67 92 
15.3 21 34 47 67 92 
15.31 21 33 47 67 92 
15.32 21 33 47 67 92 
15.33 20 33 47 67 92 
15.34 20 33 47 66 92 
15.35 20 33 47 66 92 
15.36 20 33 47 66 92 
15.37 20 33 47 66 92 
15.38 20 33 47 66 92 
15.39 20 33 46 66 92 
15.4 20 33 46 66 92 
15.41 20 33 46 66 92 
15.42 20 33 46 66 92 
15.43 20 33 46 66 92 
15.44 20 33 46 66 92 
15.45 20 33 46 66 91 
15.46 20 33 46 66 91 
15.47 20 33 46 66 91 
15.48 20 33 46 66 91 
15.49 20 33 46 66 91 
15.5 20 33 46 66 91 
15.51 20 33 46 66 91 
15.52 20 33 46 66 91 
15.53 20 33 46 65 91 
15.54 20 33 46 65 91 
15.55 20 33 46 65 91 
15.56 20 33 46 65 91 
15.57 20 33 46 65 91 
15.58 20 33 46 65 91 
15.59 20 33 46 65 91 
15.6 20 33 45 65 91 
15.61 20 33 45 65 90 
15.62 20 33 45 65 90 
15.63 20 33 45 65 90 
15.64 20 33 45 65 90 
15.65 20 33 45 65 90 
15.66 20 33 45 65 90 
15.67 20 33 45 65 90 
15.68 20 33 45 65 90 
15.69 20 33 45 65 90 
15.7 20 33 45 65 90 
15.71 20 33 45 64 90 
15.72 20 32 45 64 90 
15.73 20 32 45 64 90 
15.74 20 32 45 64 90 
15.75 20 32 45 64 90 
15.76 20 32 45 64 89 
15.77 20 32 45 64 89 
15.78 20 32 45 64 89 
15.79 20 32 45 64 89 
15.8 20 32 45 64 89 
15.81 20 32 45 64 89 
15.82 20 32 45 64 89 
15.83 20 32 45 64 89 
15.84 20 32 44 64 89 
15.85 20 32 44 64 89 
15.86 20 32 44 64 89 
15.87 20 32 44 64 89 
15.88 20 32 44 64 89 
15.89 20 32 44 64 89 
15.9 20 32 44 64 89 
15.91 20 32 44 64 89 
15.92 20 32 44 63 88 
15.93 20 32 44 63 88 
15.94 20 32 44 63 88 
15.95 20 32 44 63 88 
15.96 19 32 44 63 88 
15.97 19 32 44 63 88 
15.98 19 32 44 63 88 
15.99 19 32 44 63 88 
16 19 32 44 63 88 
16.01 19 32 44 63 88 
16.02 19 32 44 63 88 
16.03 19 32 44 63 88 
16.04 19 32 44 63 87 
16.05 19 32 44 63 87 
16.06 19 32 44 63 87 
16.07 19 32 44 63 87 
16.08 19 32 44 63 87 
16.09 19 32 44 63 87 
16.1 19 32 44 62 87 
16.11 19 32 44 62 87 
16.12 19 32 44 62 87 
16.13 19 32 43 62 87 
16.14 19 32 43 62 87 
16.15 19 32 43 62 87 
16.16 19 31 43 62 87 
16.17 19 31 43 62 87 
16.18 19 31 43 62 86 
16.19 19 31 43 62 86 
16.2 19 31 43 62 86 
16.21 19 31 43 62 86 
16.22 19 31 43 62 86 
16.23 19 31 43 62 86 
16.24 19 31 43 62 86 
16.25 19 31 43 62 86 
16.26 19 31 43 62 86 
16.27 19 31 43 62 86 
16.28 19 31 43 62 86 
16.29 19 31 43 61 86 
16.3 19 31 43 61 86 
16.31 19 31 43 61 86 
16.32 19 31 43 61 86 
16.33 19 31 42 61 86 
16.34 19 31 42 61 86 
16.35 19 31 42 61 85 
16.36 19 31 42 61 85 
16.37 19 31 42 61 85 
16.38 19 31 42 61 85 
16.39 19 31 42 61 85 
16.4 19 31 42 61 85 
16.41 19 31 42 61 85 
16.42 19 31 42 61 85 
16.43 19 31 42 61 85 
16.44 19 31 42 61 85 
16.45 19 31 42 61 85 
16.46 19 31 42 61 85 
16.47 19 31 42 61 85 
16.48 19 31 42 61 85 
16.49 19 31 42 61 84 
16.5 19 31 42 61 84 
16.51 19 31 42 61 84 
16.52 19 31 42 60 84 
16.53 19 31 42 60 84 
16.54 19 31 42 60 84 
16.55 19 31 42 60 84 
16.56 19 31 42 60 84 
16.57 19 31 42 60 84 
16.58 19 30 42 60 84 
16.59 19 30 42 60 84 
16.6 19 30 42 60 84 
16.61 19 30 42 60 84 
16.62 19 30 42 60 83 
16.63 18 30 41 60 83 
16.64 18 30 41 60 83 
16.65 18 30 41 60 83 
16.66 18 30 41 60 83 
16.67 18 30 41 60 83 
16.68 18 30 41 60 83 
16.69 18 30 41 60 83 
16.7 18 30 41 59 83 
16.71 18 30 41 59 83 
16.72 18 30 42 59 83 
16.73 18 30 42 59 83 
16.74 18 30 42 59 83 
16.75 18 30 42 59 83 
16.76 18 30 42 59 83 
16.77 18 30 42 59 83 
16.78 18 30 42 59 83 
16.79 18 30 42 59 83 
16.8 18 30 42 59 82 
16.81 18 30 42 59 82 
16.82 18 30 42 59 82 
16.83 18 30 42 59 82 
16.84 18 30 42 59 82 
16.85 18 30 42 58 82 
16.86 18 30 42 58 82 
16.87 18 30 42 58 82 
16.88 18 30 41 58 82 
16.89 18 30 41 58 82 
16.9 18 30 41 58 82 
16.91 18 30 41 58 82 
16.92 18 30 41 58 82 
16.93 18 29 41 58 82 
16.94 18 29 41 58 82 
16.95 18 29 41 58 82 
16.96 18 29 41 58 81 
16.97 18 29 41 58 81 
16.98 18 29 41 58 81 
16.99 18 29 41 58 81 
17 18 29 41 58 81 
17.01 18 29 41 58 81 
17.02 18 29 41 58 81 
17.03 18 29 41 58 81 
17.04 18 29 41 58 81 
17.05 18 29 41 58 81 
17.06 18 29 41 58 81 
17.07 18 29 41 57 81 
17.08 18 29 41 57 81 
17.09 18 29 41 57 81 
17.1 18 29 41 57 81 
17.11 18 29 41 57 81 
17.12 18 29 41 57 81 
17.13 18 29 41 57 81 
17.14 18 29 40 57 81 
17.15 18 29 40 57 81 
17.16 18 29 40 57 80 
17.17 18 29 40 57 80 
17.18 18 29 40 57 80 
17.19 18 29 40 57 80 
17.2 18 29 40 57 80 
17.21 18 29 40 57 80 
17.22 18 29 40 57 80 
17.23 18 29 40 56 80 
17.24 18 29 40 56 80 
17.25 18 29 40 56 80 
17.26 18 29 40 56 80 
17.27 18 29 40 56 80 
17.28 18 29 40 56 80 
17.29 18 29 40 56 80 
17.3 18 29 40 56 80 
17.31 18 29 40 56 80 
17.32 18 29 40 56 80 
17.33 18 29 40 56 80 
17.34 18 28 40 56 80 
17.35 18 28 40 56 80 
17.36 18 28 40 56 80 
17.37 18 28 40 56 79 
17.38 18 28 40 56 79 
17.39 18 28 40 56 79 
17.4 18 28 40 56 79 
17.41 18 28 40 56 79 
17.42 18 28 40 56 79 
17.43 18 28 40 56 79 
17.44 17 28 39 56 79 
17.45 17 28 39 56 79 
17.46 17 28 39 55 79 
17.47 17 28 39 55 79 
17.48 17 28 39 55 79 
17.49 17 28 39 55 79 
17.5 17 28 39 55 79 
17.51 17 28 39 55 79 
17.52 17 28 39 55 79 
17.53 17 28 39 55 79 
17.54 17 28 39 55 79 
17.55 17 28 39 55 78 
17.56 17 28 39 55 78 
17.57 17 28 39 55 78 
17.58 17 28 39 55 78 
17.59 17 28 39 55 78 
17.6 17 28 39 55 78 
17.61 17 28 39 55 78 
17.62 17 28 39 55 78 
17.63 17 28 39 55 78 
17.64 17 28 39 55 78 
17.65 17 28 39 55 78 
17.66 17 28 39 54 78 
17.67 17 28 39 54 78 
17.68 17 28 39 54 78 
17.69 17 28 39 54 78 
17.7 17 28 39 54 78 
17.71 17 28 39 54 77 
17.72 17 28 39 54 77 
17.73 17 28 39 54 77 
17.74 17 28 39 54 77 
17.75 17 28 39 54 77 
17.76 17 28 39 54 77 
17.77 17 28 39 54 77 
17.78 17 28 39 54 77 
17.79 17 28 39 54 77 
17.8 17 28 39 54 77 
17.81 17 28 39 54 77 
17.82 17 28 39 54 77 
17.83 17 28 39 54 77 
17.84 17 28 39 53 77 
17.85 17 28 39 53 77 
17.86 17 28 39 53 77 
17.87 17 28 39 53 77 
17.88 17 28 39 53 76 
17.89 17 28 39 53 76 
17.9 17 28 39 53 76 
17.91 17 28 39 53 76 
17.92 17 28 39 53 76 
17.93 17 28 39 53 76 
17.94 17 28 39 53 76 
17.95 17 27 38 53 76 
17.96 17 27 38 53 76 
17.97 17 27 38 53 76 
17.98 17 27 38 53 76 
17.99 17 27 38 53 76 
18 17 27 38 53 76 
18.01 17 27 38 53 76 
18.02 17 27 38 53 76 
18.03 17 27 38 53 76 
18.04 17 27 38 52 76 
18.05 17 27 38 52 76 
18.06 17 27 38 52 75 
18.07 17 27 38 52 75 
18.08 17 27 38 52 75 
18.09 17 27 38 52 75 
18.1 17 27 38 52 75 
18.11 17 27 38 52 75 
18.12 17 27 38 52 75 
18.13 17 27 38 52 75 
18.14 17 27 38 52 75 
18.15 17 27 38 52 75 
18.16 17 27 38 52 75 
18.17 17 27 38 52 75 
18.18 17 27 38 52 75 
18.19 17 27 37 52 75 
18.2 16 27 37 52 75 
18.21 16 27 37 52 75 
18.22 16 27 37 52 75 
18.23 16 27 37 52 75 
18.24 16 27 37 52 74 
18.25 16 27 37 52 74 
18.26 16 27 37 52 74 
18.27 16 27 37 52 74 
18.28 16 27 37 52 74 
18.29 16 27 37 52 74 
18.3 16 27 37 52 74 
18.31 16 27 37 52 74 
18.32 16 27 37 52 74 
18.33 16 27 37 51 74 
18.34 16 27 37 51 74 
18.35 16 27 37 51 74 
18.36 16 27 37 51 74 
18.37 16 27 37 51 74 
18.38 16 27 37 51 74 
18.39 16 27 37 51 74 
18.4 16 27 37 51 74 
18.41 16 27 37 51 74 
18.42 16 27 37 51 74 
18.43 16 27 37 51 74 
18.44 16 27 37 51 74 
18.45 16 27 37 51 73 
18.46 16 27 37 51 73 
18.47 16 27 37 51 73 
18.48 16 27 37 51 73 
18.49 16 27 37 51 73 
18.5 16 27 37 51 73 
18.51 16 27 37 51 73 
18.52 16 27 37 51 73 
18.53 16 27 37 51 73 
18.54 16 27 37 51 73 
18.55 16 27 37 51 73 
18.56 16 27 37 51 73 
18.57 16 27 37 51 73 
18.58 16 27 37 51 73 
18.59 16 27 37 51 72 
18.6 16 26 37 51 72 
18.61 16 26 37 51 72 
18.62 16 26 37 50 72 
18.63 16 26 37 50 72 
18.64 16 26 37 50 72 
18.65 16 26 37 50 72 
18.66 16 26 37 50 72 
18.67 16 26 37 50 72 
18.68 16 26 36 50 72 
18.69 16 26 36 50 72 
18.7 16 26 36 50 72 
18.71 16 26 36 50 72 
18.72 16 26 36 50 72 
18.73 16 26 36 50 72 
18.74 16 26 36 50 72 
18.75 16 26 36 50 72 
18.76 16 26 36 50 72 
18.77 16 26 36 50 72 
18.78 16 26 36 50 72 
18.79 16 26 36 50 72 
18.8 16 26 36 50 72 
18.81 16 26 36 50 71 
18.82 16 26 36 50 71 
18.83 16 26 36 50 71 
18.84 16 26 36 50 71 
18.85 16 26 36 50 71 
18.86 16 26 36 50 71 
18.87 16 26 36 50 71 
18.88 16 26 36 50 71 
18.89 16 26 36 50 71 
18.9 16 26 36 50 71 
18.91 16 26 36 50 71 
18.92 16 26 35 50 71 
18.93 15 26 35 50 71 
18.94 15 26 35 50 71 
18.95 15 26 35 50 71 
18.96 15 26 35 49 71 
18.97 15 25 35 49 71 
18.98 15 25 35 49 71 
18.99 15 25 35 49 71 
19 15 25 35 49 70 
19.01 15 25 35 49 70 
19.02 15 25 35 49 70 
19.03 15 25 35 49 70 
19.04 15 25 35 49 70 
19.05 15 25 35 49 70 
19.06 15 25 35 49 70 
19.07 15 25 35 49 70 
19.08 15 25 35 49 70 
19.09 15 25 35 49 70 
19.1 15 25 35 49 70 
19.11 15 25 35 49 70 
19.12 15 25 35 49 70 
19.13 15 25 35 49 70 
19.14 15 25 35 49 70 
19.15 15 25 35 49 69 
19.16 15 25 35 49 69 
19.17 15 25 35 49 69 
19.18 15 25 35 49 69 
19.19 15 25 35 49 69 
19.2 15 25 35 48 69 
19.21 15 25 35 48 69 
19.22 15 25 35 48 69 
19.23 15 25 35 48 69 
19.24 15 25 35 48 69 
19.25 15 25 35 48 69 
19.26 15 25 35 48 69 
19.27 15 25 35 48 69 
19.28 15 25 35 48 69 
19.29 15 25 35 48 69 
19.3 15 25 35 48 69 
19.31 15 25 35 48 69 
19.32 15 25 35 48 69 
19.33 15 25 35 48 69 
19.34 15 25 35 48 68 
19.35 15 25 35 48 68 
19.36 15 25 35 48 68 
19.37 15 25 35 48 68 
19.38 15 25 35 48 68 
19.39 15 25 35 48 68 
19.4 15 25 35 48 68 
19.41 15 25 34 48 68 
19.42 15 25 34 48 68 
19.43 15 25 34 48 68 
19.44 15 25 34 48 68 
19.45 15 25 34 48 68 
19.46 15 25 34 48 68 
19.47 15 25 34 48 68 
19.48 15 25 34 48 68 
19.49 15 25 34 48 68 
19.5 15 25 34 47 68 
19.51 15 25 34 47 68 
19.52 15 25 34 47 68 
19.53 15 25 34 47 68 
19.54 15 25 34 47 68 
19.55 15 25 34 47 68 
19.56 15 25 34 47 68 
19.57 15 25 34 47 68 
19.58 15 25 34 47 68 
19.59 15 25 34 47 68 
19.6 15 25 34 47 68 
19.61 15 25 34 47 67 
19.62 15 25 34 47 67 
19.63 15 25 34 47 67 
19.64 15 25 34 47 67 
19.65 15 25 34 47 67 
19.66 15 25 34 47 67 
19.67 15 25 34 47 67 
19.68 15 25 34 47 67 
19.69 15 24 34 47 67 
19.7 15 24 34 47 67 
19.71 15 24 34 47 67 
19.72 15 24 34 47 67 
19.73 15 24 34 47 67 
19.74 15 24 34 47 67 
19.75 15 24 34 47 67 
19.76 15 24 34 47 67 
19.77 15 24 34 47 67 
19.78 15 24 34 47 67 
19.79 15 24 33 47 67 
19.8 15 24 33 47 67 
19.81 15 24 33 47 67 
19.82 15 24 33 46 67 
19.83 15 24 33 46 67 
19.84 15 24 33 46 67 
19.85 15 24 33 46 67 
19.86 15 24 33 46 66 
19.87 15 24 33 46 66 
19.88 15 24 33 46 66 
19.89 15 24 33 46 66 
19.9 15 24 33 46 66 
19.91 15 24 33 46 66 
19.92 15 24 33 46 66 
19.93 15 24 33 46 66 
19.94 15 24 33 46 66 
19.95 15 24 33 46 66 
19.96 15 24 33 46 66 
19.97 15 24 33 46 66 
19.98 15 24 33 46 66 
19.99 15 24 33 46 66 
20 15 24 33 46 66 
20.01 15 24 33 46 66 
20.02 15 24 33 46 66 
20.03 15 24 33 46 66 
20.04 15 24 33 46 66 
20.05 14 24 33 45 66 
20.06 14 24 33 45 66 
20.07 14 24 33 45 66 
20.08 14 24 33 45 65 
20.09 14 24 33 45 65 
20.1 14 24 33 45 65 
20.11 14 24 33 45 65 
20.12 14 24 33 45 65 
20.13 14 24 33 45 65 
20.14 14 24 33 45 65 
20.15 14 24 33 45 65 
20.16 14 24 33 45 65 
20.17 14 24 33 45 65 
20.18 14 24 33 45 65 
20.19 14 24 33 45 65 
20.2 14 24 33 45 65 
20.21 14 24 33 45 65 
20.22 14 24 33 45 65 
20.23 14 24 33 45 65 
20.24 14 24 33 45 65 
20.25 14 24 33 45 65 
20.26 14 24 33 45 65 
20.27 14 24 33 45 65 
20.28 14 24 32 45 65 
20.29 14 24 32 45 65 
20.3 14 24 32 45 65 
20.31 14 24 32 45 65 
20.32 14 24 32 44 64 
20.33 14 23 32 44 64 
20.34 14 23 32 44 64 
20.35 14 23 32 44 64 
20.36 14 23 32 44 64 
20.37 14 23 32 44 64 
20.38 14 23 32 44 64 
20.39 14 23 32 44 64 
20.4 14 23 32 44 64 
20.41 14 23 32 44 64 
20.42 14 23 32 44 64 
20.43 14 23 32 44 64 
20.44 14 23 32 44 64 
20.45 14 23 32 44 64 
20.46 14 23 32 44 64 
20.47 14 23 32 44 64 
20.48 14 23 32 44 64 
20.49 14 23 32 44 64 
20.5 14 23 32 44 64 
20.51 14 23 32 44 64 
20.52 14 23 32 44 64 
20.53 14 23 32 44 64 
20.54 14 23 32 44 63 
20.55 14 23 32 44 63 
20.56 14 23 32 44 63 
20.57 14 23 32 43 63 
20.58 14 23 32 43 63 
20.59 14 23 32 43 63 
20.6 14 23 32 43 63 
20.61 14 23 32 43 63 
20.62 14 23 32 43 63 
20.63 14 23 32 43 63 
20.64 14 23 32 43 63 
20.65 14 23 32 43 63 
20.66 14 23 32 43 63 
20.67 14 23 32 43 63 
20.68 14 23 32 43 63 
20.69 14 23 32 43 63 
20.7 14 23 32 43 63 
20.71 14 23 32 43 63 
20.72 14 23 32 43 63 
20.73 14 23 32 43 63 
20.74 14 23 32 43 63 
20.75 14 23 32 43 63 
20.76 14 23 32 43 63 
20.77 14 23 32 43 63 
20.78 14 23 32 43 63 
20.79 14 23 32 43 63 
20.8 14 23 32 43 62 
20.81 14 23 32 43 62 
20.82 14 23 32 42 62 
20.83 14 23 31 42 62 
20.84 14 23 31 42 62 
20.85 14 23 31 42 62 
20.86 14 23 31 42 62 
20.87 14 22 31 42 62 
20.88 14 22 31 42 62 
20.89 14 22 31 42 62 
20.9 14 22 31 42 62 
20.91 14 22 31 42 62 
20.92 14 22 31 42 62 
20.93 14 22 31 42 62 
20.94 14 22 31 42 62 
20.95 14 22 31 42 62 
20.96 14 22 31 42 62 
20.97 14 22 31 42 62 
20.98 14 22 31 42 62 
20.99 14 22 31 42 62 
21 14 22 31 42 62 
21.01 14 22 31 42 62 
21.02 14 22 31 42 62 
21.03 14 22 31 42 62 
21.04 14 22 31 42 62 
21.05 14 22 31 42 62 
21.06 14 22 31 42 62 
21.07 14 22 31 42 61 
21.08 14 22 31 42 61 
21.09 14 22 31 42 61 
21.1 14 22 31 42 61 
21.11 14 22 31 42 61 
21.12 14 22 31 42 61 
21.13 14 22 31 42 61 
21.14 14 22 31 42 61 
21.15 14 22 31 42 61 
21.16 14 22 31 42 61 
21.17 14 22 31 42 61 
21.18 14 22 31 41 61 
21.19 14 22 31 41 61 
21.2 14 22 31 41 61 
21.21 14 22 31 41 61 
21.22 14 22 31 41 61 
21.23 14 22 31 41 61 
21.24 14 22 30 41 61 
21.25 14 22 30 41 61 
21.26 14 22 30 41 61 
21.27 14 22 30 41 61 
21.28 13 22 30 41 60 
21.29 13 22 30 41 60 
21.3 13 22 30 41 60 
21.31 13 22 30 41 60 
21.32 13 22 30 41 60 
21.33 13 22 30 41 60 
21.34 13 22 30 41 60 
21.35 13 21 30 41 60 
21.36 13 21 30 41 60 
21.37 13 21 30 41 60 
21.38 13 21 30 41 60 
21.39 13 21 30 41 60 
21.4 13 21 30 41 60 
21.41 13 21 30 41 60 
21.42 13 21 30 41 60 
21.43 13 21 30 41 60 
21.44 13 21 30 41 60 
21.45 13 21 30 41 60 
21.46 13 21 30 41 60 
21.47 13 21 30 41 60 
21.48 13 21 30 41 60 
21.49 13 21 30 41 59 
21.5 13 21 30 41 59 
21.51 13 21 30 41 59 
21.52 13 21 30 41 59 
21.53 13 21 30 41 59 
21.54 13 21 30 41 59 
21.55 13 21 30 41 59 
21.56 13 21 30 41 59 
21.57 13 21 30 41 59 
21.58 13 21 30 41 59 
21.59 13 21 30 41 59 
21.6 13 21 30 41 59 
21.61 13 21 30 41 59 
21.62 13 21 30 41 59 
21.63 13 21 30 41 59 
21.64 13 21 30 41 59 
21.65 13 21 30 41 59 
21.66 13 21 30 41 59 
21.67 13 21 30 41 59 
21.68 13 21 30 41 59 
21.69 13 21 30 41 59 
21.7 13 21 30 41 59 
21.71 13 21 30 40 58 
21.72 13 21 30 40 58 
21.73 13 21 30 40 58 
21.74 13 21 30 40 58 
21.75 13 21 30 40 58 
21.76 13 21 30 40 58 
21.77 13 21 30 40 58 
21.78 13 21 30 40 58 
21.79 13 21 30 40 58 
21.8 13 21 30 40 58 
21.81 13 21 30 40 58 
21.82 13 21 30 40 58 
21.83 13 21 30 40 58 
21.84 13 21 30 40 58 
21.85 13 21 30 40 58 
21.86 13 21 30 40 58 
21.87 13 21 30 40 58 
21.88 13 21 30 40 58 
21.89 13 20 30 40 58 
21.9 13 20 30 40 58 
21.91 13 20 29 40 58 
21.92 13 20 29 40 58 
21.93 13 20 29 40 58 
21.94 13 20 29 40 58 
21.95 13 20 29 40 58 
21.96 13 20 29 40 58 
21.97 13 20 29 40 57 
21.98 13 20 29 40 57 
21.99 13 20 29 40 57 
22 13 20 29 40 57 
22.01 13 20 29 40 57 
22.02 13 20 29 40 57 
22.03 13 20 29 40 57 
22.04 13 20 29 40 57 
22.05 13 20 29 39 57 
22.06 13 20 29 39 57 
22.07 13 20 29 39 57 
22.08 13 20 29 39 57 
22.09 13 20 29 39 57 
22.1 13 20 29 39 57 
22.11 13 20 29 39 57 
22.12 13 20 29 39 57 
22.13 13 20 29 39 57 
22.14 13 20 29 39 57 
22.15 13 20 29 39 57 
22.16 13 20 29 39 57 
22.17 13 20 29 39 57 
22.18 13 20 29 39 57 
22.19 13 20 29 39 57 
22.2 13 20 29 39 57 
22.21 13 20 29 39 57 
22.22 13 20 29 39 57 
22.23 13 20 29 39 56 
22.24 13 20 29 39 56 
22.25 13 20 29 39 56 
22.26 13 20 29 39 56 
22.27 13 20 29 39 56 
22.28 13 20 29 39 56 
22.29 13 20 29 39 56 
22.3 13 20 29 39 56 
22.31 13 20 29 39 56 
22.32 13 20 29 39 56 
22.33 13 20 28 39 56 
22.34 13 20 28 39 56 
22.35 13 20 28 39 56 
22.36 13 20 28 39 56 
22.37 13 20 28 39 56 
22.38 13 20 28 39 56 
22.39 13 20 28 39 56 
22.4 13 20 28 39 56 
22.41 13 20 28 39 56 
22.42 13 20 28 39 56 
22.43 13 20 28 39 56 
22.44 13 20 28 39 56 
22.45 13 20 28 39 56 
22.46 13 20 28 39 56 
22.47 13 20 28 39 56 
22.48 13 20 28 38 56 
22.49 13 20 28 38 56 
22.5 13 20 28 38 56 
22.51 13 20 28 38 56 
22.52 13 20 28 38 56 
22.53 13 20 28 38 56 
22.54 12 20 28 38 56 
22.55 12 20 28 38 56 
22.56 12 20 28 38 56 
22.57 12 20 28 38 55 
22.58 12 20 28 38 55 
22.59 12 20 28 38 55 
22.6 12 20 28 38 55 
22.61 12 20 28 38 55 
22.62 12 20 28 38 55 
22.63 12 20 28 38 55 
22.64 12 20 28 38 55 
22.65 12 20 28 38 55 
22.66 12 20 28 38 55 
22.67 12 20 28 38 55 
22.68 12 20 28 38 55 
22.69 12 20 28 38 55 
22.7 12 20 28 38 55 
22.71 12 20 28 38 55 
22.72 12 20 28 38 55 
22.73 12 20 28 38 55 
22.74 12 20 28 38 55 
22.75 12 20 28 38 55 
22.76 12 20 28 38 55 
22.77 12 20 28 38 55 
22.78 12 20 28 38 55 
22.79 12 20 28 38 55 
22.8 12 20 28 38 55 
22.81 12 20 28 38 55 
22.82 12 20 28 38 55 
22.83 12 20 28 38 54 
22.84 12 20 28 38 54 
22.85 12 20 27 38 54 
22.86 12 20 27 38 54 
22.87 12 20 27 38 54 
22.88 12 20 27 38 54 
22.89 12 20 27 37 54 
22.9 12 20 27 37 54 
22.91 12 19 27 37 54 
22.92 12 19 27 37 54 
22.93 12 20 27 37 54 
22.94 12 20 27 37 54 
22.95 12 20 27 37 54 
22.96 12 20 27 37 54 
22.97 12 20 27 37 54 
22.98 12 20 27 37 54 
22.99 12 20 27 37 54 
23 12 20 27 37 54 
23.01 12 20 27 37 54 
23.02 12 20 27 37 54 
23.03 12 20 27 37 54 
23.04 12 20 27 37 54 
23.05 12 20 27 37 54 
23.06 12 20 27 37 54 
23.07 12 20 27 37 54 
23.08 12 19 27 37 54 
23.09 12 19 27 37 54 
23.1 12 19 27 37 53 
23.11 12 19 27 37 53 
23.12 12 19 27 37 53 
23.13 12 19 27 37 53 
23.14 12 19 27 37 53 
23.15 12 19 27 37 53 
23.16 12 19 27 37 53 
23.17 12 19 27 37 53 
23.18 12 19 27 37 53 
23.19 12 19 27 37 53 
23.2 12 19 27 37 53 
23.21 12 19 27 37 53 
23.22 12 19 27 37 53 
23.23 12 19 27 37 53 
23.24 12 19 27 37 53 
23.25 12 19 27 37 53 
23.26 12 19 27 37 53 
23.27 12 19 27 37 53 
23.28 12 19 26 37 53 
23.29 12 19 26 37 53 
23.3 12 19 26 37 53 
23.31 12 19 26 37 53 
23.32 12 19 26 37 53 
23.33 12 19 26 37 53 
23.34 12 19 26 37 53 
23.35 12 19 26 37 53 
23.36 12 19 26 37 53 
23.37 12 19 26 37 53 
23.38 12 19 26 37 53 
23.39 12 19 26 36 53 
23.4 12 19 26 36 53 
23.41 12 19 26 36 53 
23.42 12 19 26 36 53 
23.43 12 19 26 36 53 
23.44 12 19 26 36 52 
23.45 12 19 26 36 52 
23.46 12 19 26 36 52 
23.47 12 19 26 36 52 
23.48 12 19 27 36 52 
23.49 12 19 27 36 52 
23.5 12 19 27 36 52 
23.51 12 19 27 36 52 
23.52 12 19 26 36 52 
23.53 12 19 26 36 52 
23.54 12 19 26 36 52 
23.55 12 19 26 36 52 
23.56 12 19 26 36 52 
23.57 12 19 26 36 52 
23.58 12 19 26 36 52 
23.59 12 19 26 36 52 
23.6 12 19 26 36 52 
23.61 12 19 26 36 52 
23.62 11 19 26 36 52 
23.63 11 19 26 36 52 
23.64 11 19 26 36 52 
23.65 11 19 26 36 52 
23.66 11 19 26 36 52 
23.67 11 19 26 36 52 
23.68 11 19 26 36 52 
23.69 11 19 26 36 52 
23.7 11 19 26 36 52 
23.71 11 19 26 36 52 
23.72 11 19 26 36 52 
23.73 11 19 26 36 52 
23.74 11 19 26 36 52 
23.75 11 19 26 36 52 
23.76 11 19 26 36 51 
23.77 11 19 26 36 51 
23.78 11 19 26 36 51 
23.79 11 19 26 36 51 
23.8 11 19 26 36 51 
23.81 11 19 26 36 51 
23.82 11 19 26 35 51 
23.83 11 19 26 35 51 
23.84 11 19 26 35 51 
23.85 11 19 26 35 51 
23.86 11 19 26 35 51 
23.87 11 19 26 35 51 
23.88 11 19 26 35 51 
23.89 11 19 26 35 51 
23.9 11 19 26 35 51 
23.91 11 19 26 35 51 
23.92 11 19 26 35 51 
23.93 11 19 26 35 51 
23.94 11 19 26 35 51 
23.95 11 18 26 35 51 
23.96 11 18 26 35 51 
23.97 11 18 26 35 51 
23.98 11 18 26 35 51 
23.99 11 18 26 35 51 
24 11 18 26 35 51 
24.01 11 18 26 35 51 
24.02 11 18 26 35 51 
24.03 11 18 26 35 50 
24.04 11 18 26 35 50 
24.05 11 18 26 35 50 
24.06 11 18 26 35 50 
24.07 11 18 26 35 50 
24.08 11 18 26 35 50 
24.09 11 18 26 35 50 
24.1 11 18 26 35 50 
24.11 11 18 26 35 50 
24.12 11 18 26 35 50 
24.13 11 18 26 35 50 
24.14 11 18 26 35 50 
24.15 11 18 26 35 50 
24.16 11 18 26 35 50 
24.17 11 18 26 35 50 
24.18 11 18 26 35 50 
24.19 11 18 26 35 50 
24.2 11 18 26 35 50 
24.21 11 18 25 35 50 
24.22 11 18 25 35 50 
24.23 11 18 25 35 50 
24.24 11 18 25 34 50 
24.25 11 18 25 34 50 
24.26 11 18 25 34 50 
24.27 11 18 25 34 50 
24.28 11 18 25 34 50 
24.29 11 18 25 34 50 
24.3 11 18 25 34 50 
24.31 11 18 25 34 50 
24.32 11 18 25 34 50 
24.33 11 18 25 34 50 
24.34 11 18 25 34 49 
24.35 11 18 25 34 49 
24.36 11 18 25 34 49 
24.37 11 18 25 34 49 
24.38 11 18 25 34 49 
24.39 11 18 25 34 49 
24.4 11 18 25 34 49 
24.41 11 18 25 34 49 
24.42 11 18 25 34 49 
24.43 11 18 25 34 49 
24.44 11 18 25 34 49 
24.45 11 18 25 34 49 
24.46 11 18 25 34 49 
24.47 11 18 25 34 49 
24.48 11 18 25 34 49 
24.49 11 18 25 34 49 
24.5 11 18 25 34 49 
24.51 11 18 25 34 49 
24.52 11 18 25 34 49 
24.53 11 18 25 34 49 
24.54 11 18 25 34 49 
24.55 11 18 25 34 49 
24.56 11 18 25 34 49 
24.57 11 18 25 34 49 
24.58 11 18 25 34 49 
24.59 11 18 25 34 49 
24.6 11 18 25 34 49 
24.61 11 18 25 34 49 
24.62 11 18 25 34 49 
24.63 11 18 25 34 49 
24.64 11 17 25 34 49 
24.65 11 17 25 34 49 
24.66 11 17 25 34 49 
24.67 11 17 25 34 49 
24.68 11 17 25 34 48 
24.69 11 17 25 34 48 
24.7 11 17 25 33 48 
24.71 11 17 25 33 48 
24.72 11 17 25 33 48 
24.73 11 17 25 33 48 
24.74 11 17 25 33 48 
24.75 11 17 25 33 48 
24.76 11 17 25 33 48 
24.77 11 17 25 33 48 
24.78 11 17 25 33 48 
24.79 11 17 25 33 48 
24.8 11 17 25 33 48 
24.81 11 17 25 33 48 
24.82 11 17 25 33 48 
24.83 11 17 25 33 48 
24.84 11 17 25 33 48 
24.85 11 17 25 33 48 
24.86 11 17 25 33 48 
24.87 11 17 25 33 48 
24.88 11 17 25 33 48 
24.89 11 17 25 33 48 
24.9 10 17 25 33 48 
24.91 10 17 24 33 48 
24.92 10 17 24 33 48 
24.93 10 17 24 33 48 
24.94 10 17 24 33 48 
24.95 10 17 24 33 48 
24.96 10 17 24 33 48 
24.97 10 17 24 33 48 
24.98 10 17 24 33 48 
24.99 10 17 24 33 48 
25 10 17 24 33 48 
25.01 10 17 24 33 48 
25.02 10 17 24 33 48 
25.03 10 17 24 33 48 
25.04 10 17 24 33 48 
25.05 10 17 24 33 48 
25.06 10 17 24 33 48 
25.07 10 17 24 33 48 
25.08 10 17 24 33 48 
25.09 10 17 24 33 48 
25.1 11 17 24 33 48 
25.11 11 17 24 33 48 
25.12 11 17 24 33 48 
25.13 11 17 24 33 48 
25.14 10 17 24 32 48 
25.15 10 17 24 32 48 
25.16 10 17 24 32 47 
25.17 10 17 24 32 47 
25.18 10 17 24 32 47 
25.19 10 17 24 32 47 
25.2 10 17 24 32 47 
25.21 10 17 24 32 47 
25.22 10 17 24 32 47 
25.23 10 17 24 32 47 
25.24 10 17 24 32 47 
25.25 10 17 24 32 47 
25.26 10 17 24 32 47 
25.27 10 17 24 32 47 
25.28 10 17 24 32 47 
25.29 10 17 24 32 47 
25.3 10 17 24 32 47 
25.31 10 17 24 32 47 
25.32 10 17 24 32 47 
25.33 10 17 24 32 47 
25.34 10 17 24 32 47 
25.35 10 17 24 32 47 
25.36 10 17 24 32 47 
25.37 10 17 24 32 47 
25.38 10 17 24 32 47 
25.39 10 17 24 32 47 
25.4 10 17 24 32 47 
25.41 10 17 24 32 47 
25.42 10 17 24 32 47 
25.43 10 17 24 32 47 
25.44 10 17 24 32 47 
25.45 10 16 24 32 47 
25.46 10 16 24 32 47 
25.47 10 16 24 32 47 
25.48 10 16 24 32 46 
25.49 10 16 24 32 46 
25.5 10 16 24 32 46 
25.51 10 16 23 32 46 
25.52 10 16 23 32 46 
25.53 10 16 23 32 46 
25.54 10 16 23 32 46 
25.55 10 16 23 32 46 
25.56 10 16 23 32 46 
25.57 10 16 23 32 46 
25.58 10 16 23 32 46 
25.59 10 16 23 32 46 
25.6 10 16 23 32 46 
25.61 10 16 23 32 46 
25.62 10 16 23 32 46 
25.63 10 16 23 32 46 
25.64 10 16 23 32 46 
25.65 10 16 23 32 46 
25.66 10 16 23 32 46 
25.67 10 16 23 32 46 
25.68 10 16 23 32 46 
25.69 10 16 23 32 46 
25.7 10 16 23 32 46 
25.71 10 16 23 32 46 
25.72 10 16 23 32 46 
25.73 10 16 23 32 46 
25.74 10 16 23 32 46 
25.75 10 16 23 32 46 
25.76 10 16 23 32 46 
25.77 10 16 23 32 46 
25.78 10 16 23 32 46 
25.79 10 16 23 32 46 
25.8 10 16 23 32 46 
25.81 10 16 23 32 46 
25.82 10 16 23 32 46 
25.83 10 16 23 32 45 
25.84 10 16 23 32 45 
25.85 10 16 23 32 45 
25.86 10 16 23 32 45 
25.87 10 16 23 32 45 
25.88 10 16 23 32 45 
25.89 10 16 23 32 45 
25.9 10 16 23 32 45 
25.91 10 16 23 32 45 
25.92 10 16 23 32 45 
25.93 10 16 23 32 45 
25.94 10 16 23 32 45 
25.95 10 16 23 32 45 
25.96 10 16 23 32 45 
25.97 10 16 23 32 45 
25.98 10 16 23 32 45 
25.99 10 16 23 32 45 
26 10 16 22 32 45 
26.01 10 16 22 31 45 
26.02 10 16 22 31 45 
26.03 10 16 22 31 45 
26.04 10 16 22 31 45 
26.05 10 16 22 31 45 
26.06 10 16 22 31 45 
26.07 10 16 22 31 45 
26.08 10 16 22 31 45 
26.09 10 16 22 31 45 
26.1 10 16 22 31 45 
26.11 10 16 22 31 45 
26.12 10 16 22 31 45 
26.13 10 16 22 31 45 
26.14 10 16 22 31 45 
26.15 10 16 22 31 45 
26.16 10 16 22 31 45 
26.17 10 16 22 31 45 
26.18 10 16 22 31 45 
26.19 10 16 22 31 45 
26.2 10 16 22 31 45 
26.21 10 16 22 31 45 
26.22 10 16 22 31 45 
26.23 10 16 22 31 45 
26.24 10 16 22 31 45 
26.25 10 16 22 31 45 
26.26 10 16 22 31 45 
26.27 10 16 22 31 45 
26.28 10 16 22 31 45 
26.29 10 16 22 31 45 
26.3 10 16 22 31 45 
26.31 10 16 22 31 45 
26.32 10 16 22 31 45 
26.33 10 16 22 31 45 
26.34 10 16 22 31 44 
26.35 10 16 22 31 44 
26.36 10 16 22 31 44 
26.37 10 16 22 31 44 
26.38 10 16 22 31 44 
26.39 10 16 22 31 44 
26.4 10 16 22 31 44 
26.41 10 16 22 31 44 
26.42 10 16 22 31 44 
26.43 10 16 22 31 44 
26.44 10 16 22 31 44 
26.45 10 16 22 31 44 
26.46 10 16 22 31 44 
26.47 10 16 22 31 44 
26.48 10 16 22 31 44 
26.49 10 16 22 31 44 
26.5 10 16 22 31 44 
26.51 10 16 22 31 44 
26.52 10 16 22 31 44 
26.53 10 16 22 31 44 
26.54 10 16 22 31 44 
26.55 10 16 22 30 44 
26.56 10 16 22 30 44 
26.57 10 16 22 30 44 
26.58 10 16 22 30 44 
26.59 10 16 22 30 44 
26.6 10 16 22 30 44 
26.61 10 16 22 30 44 
26.62 10 16 22 30 44 
26.63 10 16 22 30 44 
26.64 10 15 22 30 44 
26.65 10 15 22 30 44 
26.66 10 15 22 30 44 
26.67 10 15 22 30 44 
26.68 10 15 22 30 44 
26.69 10 15 22 30 44 
26.7 10 15 22 30 44 
26.71 10 15 22 30 43 
26.72 9 15 22 30 43 
26.73 9 15 22 30 43 
26.74 9 15 21 30 43 
26.75 9 15 21 30 43 
26.76 9 15 21 30 43 
26.77 9 15 21 30 43 
26.78 9 15 21 30 43 
26.79 9 15 21 30 43 
26.8 9 15 21 30 43 
26.81 9 15 21 30 43 
26.82 9 15 21 30 43 
26.83 9 15 21 30 43 
26.84 9 15 21 30 43 
26.85 9 15 21 30 43 
26.86 9 15 21 30 43 
26.87 9 15 21 30 43 
26.88 9 15 21 30 43 
26.89 9 15 21 30 43 
26.9 9 15 21 30 43 
26.91 9 15 21 30 43 
26.92 9 15 21 30 43 
26.93 9 15 21 30 43 
26.94 9 15 21 30 43 
26.95 9 15 21 30 43 
26.96 9 15 21 30 43 
26.97 9 15 21 30 43 
26.98 9 15 21 30 43 
26.99 9 15 21 30 43 
27 9 15 21 30 43 
27.01 9 15 21 30 43 
27.02 9 15 21 30 43 
27.03 9 15 21 30 43 
27.04 9 15 21 30 43 
27.05 9 15 21 30 43 
27.06 9 15 21 30 43 
27.07 9 15 21 29 43 
27.08 9 15 21 29 43 
27.09 9 15 21 29 42 
27.1 9 15 21 29 42 
27.11 9 15 21 29 42 
27.12 9 15 21 29 42 
27.13 9 15 21 29 42 
27.14 9 15 21 29 42 
27.15 9 15 21 29 42 
27.16 9 15 21 29 42 
27.17 9 15 21 29 42 
27.18 9 15 21 29 42 
27.19 9 15 21 29 42 
27.2 9 15 21 29 42 
27.21 9 15 21 29 42 
27.22 9 15 21 29 42 
27.23 9 15 21 29 42 
27.24 9 15 21 29 42 
27.25 9 15 21 29 42 
27.26 9 15 21 29 42 
27.27 9 15 21 29 42 
27.28 9 15 21 29 42 
27.29 9 15 21 29 42 
27.3 9 15 21 29 42 
27.31 9 15 21 29 42 
27.32 9 15 21 29 42 
27.33 9 15 21 29 42 
27.34 9 15 21 29 42 
27.35 9 15 21 29 42 
27.36 9 15 21 29 42 
27.37 9 15 21 29 42 
27.38 9 15 21 29 42 
27.39 9 15 21 29 42 
27.4 9 15 21 29 42 
27.41 9 15 21 29 42 
27.42 9 15 21 29 42 
27.43 9 15 21 29 42 
27.44 9 15 21 29 42 
27.45 9 15 21 29 42 
27.46 9 15 21 29 42 
27.47 9 15 21 29 42 
27.48 9 15 21 29 42 
27.49 9 15 21 29 42 
27.5 9 15 21 29 42 
27.51 9 15 21 29 42 
27.52 9 15 21 29 42 
27.53 9 15 21 29 42 
27.54 9 15 21 29 42 
27.55 9 15 21 29 42 
27.56 9 15 21 29 42 
27.57 9 15 21 29 42 
27.58 9 14 21 29 42 
27.59 9 14 21 29 42 
27.6 9 14 21 29 42 
27.61 9 14 21 29 42 
27.62 9 14 21 29 42 
27.63 9 14 21 29 41 
27.64 9 14 21 29 41 
27.65 9 14 21 29 41 
27.66 9 14 21 29 41 
27.67 9 14 21 29 41 
27.68 9 14 21 29 41 
27.69 9 14 21 29 41 
27.7 9 14 21 29 41 
27.71 9 14 21 29 41 
27.72 9 14 21 28 41 
27.73 9 14 21 28 41 
27.74 9 14 21 28 41 
27.75 9 14 21 28 41 
27.76 9 14 21 28 41 
27.77 9 14 21 28 41 
27.78 9 14 21 28 41 
27.79 9 14 21 28 41 
27.8 9 14 21 28 41 
27.81 9 14 21 28 41 
27.82 9 14 21 28 41 
27.83 9 14 21 28 41 
27.84 9 14 21 28 41 
27.85 9 14 21 28 41 
27.86 9 14 21 28 41 
27.87 9 14 21 28 41 
27.88 9 14 21 28 41 
27.89 9 14 21 28 41 
27.9 9 14 21 28 41 
27.91 9 14 21 28 41 
27.92 9 14 21 28 41 
27.93 9 14 21 28 41 
27.94 9 14 21 28 41 
27.95 9 14 21 28 41 
27.96 9 14 21 28 41 
27.97 9 14 21 28 41 
27.98 9 14 21 28 41 
27.99 9 14 21 28 41 
28 9 14 21 28 41 
28.01 9 14 21 28 41 
28.02 9 14 21 28 41 
28.03 9 14 21 28 41 
28.04 9 14 21 28 41 
28.05 9 14 21 28 41 
28.06 9 14 21 28 41 
28.07 9 14 21 28 41 
28.08 9 14 21 28 40 
28.09 9 14 21 28 40 
28.1 9 14 21 28 40 
28.11 9 14 20 28 40 
28.12 9 14 20 28 40 
28.13 9 14 20 28 40 
28.14 9 14 20 28 40 
28.15 9 14 20 28 40 
28.16 9 14 20 28 40 
28.17 9 14 20 28 40 
28.18 9 14 20 28 40 
28.19 9 14 20 28 40 
28.2 9 14 20 28 40 
28.21 9 14 20 28 40 
28.22 8 14 20 27 40 
28.23 8 14 20 27 40 
28.24 8 14 20 27 40 
28.25 8 14 20 27 40 
28.26 8 14 20 27 40 
28.27 8 14 20 27 40 
28.28 8 14 20 27 40 
28.29 8 14 20 27 40 
28.3 8 14 20 27 40 
28.31 8 14 20 27 40 
28.32 8 14 20 27 40 
28.33 8 14 20 27 40 
28.34 8 14 20 27 40 
28.35 8 14 20 27 40 
28.36 8 14 20 27 40 
28.37 8 14 20 27 40 
28.38 8 14 20 27 40 
28.39 8 14 20 27 40 
28.4 8 14 20 27 40 
28.41 8 14 20 27 40 
28.42 8 14 20 27 40 
28.43 8 14 20 27 40 
28.44 8 14 20 27 40 
28.45 8 14 20 27 40 
28.46 8 14 20 27 40 
28.47 8 14 20 27 40 
28.48 8 14 20 27 40 
28.49 8 14 20 27 40 
28.5 8 14 20 27 40 
28.51 8 14 20 27 40 
28.52 8 14 20 27 40 
28.53 8 14 20 27 40 
28.54 8 14 20 27 40 
28.55 8 14 20 27 39 
28.56 8 14 20 27 39 
28.57 8 14 20 27 39 
28.58 8 14 20 27 39 
28.59 8 14 20 27 39 
28.6 8 14 20 27 39 
28.61 8 14 20 27 39 
28.62 8 14 20 27 39 
28.63 8 14 20 27 39 
28.64 8 14 20 27 39 
28.65 8 14 20 27 39 
28.66 8 14 20 27 39 
28.67 8 14 20 27 39 
28.68 8 14 20 27 39 
28.69 8 14 20 27 39 
28.7 8 14 20 27 39 
28.71 8 14 20 27 39 
28.72 8 14 20 27 39 
28.73 8 14 20 27 39 
28.74 8 14 20 27 39 
28.75 8 14 20 27 39 
28.76 8 14 20 27 39 
28.77 8 14 20 27 39 
28.78 8 14 20 27 39 
28.79 8 14 20 27 39 
28.8 8 14 20 27 39 
28.81 8 14 20 27 39 
28.82 8 14 20 27 39 
28.83 8 14 20 27 39 
28.84 8 14 20 27 39 
28.85 8 14 20 27 39 
28.86 8 14 20 27 39 
28.87 8 14 20 27 39 
28.88 8 14 20 27 39 
28.89 8 14 20 27 39 
28.9 8 14 20 27 39 
28.91 8 13 20 27 39 
28.92 8 13 20 27 39 
28.93 8 13 19 27 39 
28.94 8 13 19 26 39 
28.95 8 13 19 26 39 
28.96 8 13 19 26 39 
28.97 8 13 19 26 39 
28.98 8 13 19 26 39 
28.99 8 13 19 26 39 
29 8 13 19 26 39 
29.01 8 13 19 26 39 
29.02 8 13 19 26 39 
29.03 8 13 19 26 39 
29.04 8 13 19 26 39 
29.05 8 13 19 26 39 
29.06 8 13 19 26 39 
29.07 8 13 19 26 39 
29.08 8 13 19 26 39 
29.09 8 13 19 26 38 
29.1 8 13 19 26 38 
29.11 8 13 19 26 38 
29.12 8 13 19 26 38 
29.13 8 13 19 26 38 
29.14 8 13 19 26 38 
29.15 8 13 19 26 38 
29.16 8 13 19 26 38 
29.17 8 13 19 26 38 
29.18 8 13 19 26 38 
29.19 8 13 19 26 38 
29.2 8 13 19 26 38 
29.21 8 13 19 26 38 
29.22 8 13 19 26 38 
29.23 8 13 19 26 38 
29.24 8 13 19 26 38 
29.25 8 13 19 26 38 
29.26 8 13 19 26 38 
29.27 8 13 19 26 38 
29.28 8 13 19 26 38 
29.29 8 13 19 26 38 
29.3 8 13 19 26 38 
29.31 8 13 19 26 38 
29.32 8 13 19 26 38 
29.33 8 13 19 26 38 
29.34 8 13 19 26 38 
29.35 8 13 19 26 38 
29.36 8 13 19 26 38 
29.37 8 13 19 26 38 
29.38 8 13 19 26 38 
29.39 8 13 19 26 38 
29.4 8 13 19 26 38 
29.41 8 13 19 26 38 
29.42 8 13 19 26 38 
29.43 8 13 19 26 38 
29.44 8 13 19 26 38 
29.45 8 13 19 26 38 
29.46 8 13 19 26 38 
29.47 8 13 19 26 38 
29.48 8 13 19 26 38 
29.49 8 13 19 26 38 
29.5 8 13 19 26 38 
29.51 8 13 19 26 38 
29.52 8 13 19 26 38 
29.53 8 13 19 26 38 
29.54 8 13 19 26 38 
29.55 8 13 19 26 38 
29.56 8 13 19 26 38 
29.57 8 13 19 26 38 
29.58 8 13 19 26 38 
29.59 8 13 19 26 38 
29.6 8 13 19 26 38 
29.61 8 13 19 26 38 
29.62 8 13 19 26 37 
29.63 8 13 19 26 37 
29.64 8 13 19 26 37 
29.65 8 13 19 26 37 
29.66 8 13 19 26 37 
29.67 8 13 19 26 37 
29.68 8 13 19 25 37 
29.69 8 13 19 25 37 
29.7 8 13 19 25 37 
29.71 8 13 19 25 37 
29.72 8 13 19 25 37 
29.73 8 13 19 25 37 
29.74 8 13 19 25 37 
29.75 8 13 19 25 37 
29.76 8 13 19 25 37 
29.77 8 13 19 25 37 
29.78 8 13 19 25 37 
29.79 8 13 19 25 37 
29.8 8 13 19 25 37 
29.81 8 13 19 25 37 
29.82 8 13 19 25 37 
29.83 8 13 19 25 37 
29.84 8 13 19 25 37 
29.85 8 13 19 25 37 
29.86 8 13 19 25 37 
29.87 8 13 19 25 37 
29.88 8 13 19 25 37 
29.89 8 13 19 25 37 
29.9 8 13 19 25 37 
29.91 8 13 19 25 37 
29.92 8 13 19 25 37 
29.93 8 13 19 25 37 
29.94 8 13 19 25 37 
29.95 8 13 19 25 37 
29.96 8 13 19 25 37 
29.97 8 13 19 25 37 
29.98 8 13 19 25 37 
29.99 8 13 19 25 37 
30 8 13 19 25 37 
30.01 8 13 19 25 37 
30.02 8 13 19 25 37 
30.03 8 13 19 25 37 
30.04 8 13 19 25 37 
30.05 8 13 19 25 37 
30.06 8 13 19 25 37 
30.07 8 13 19 25 37 
30.08 8 13 19 25 37 
30.09 8 13 19 25 37 
30.1 8 13 19 25 37 
30.11 8 13 19 25 37 
30.12 8 13 19 25 36 
30.13 8 13 19 25 36 
30.14 8 13 19 25 36 
30.15 8 13 19 25 36 
30.16 8 13 19 25 36 
30.17 8 13 19 25 36 
30.18 8 13 18 25 36 
30.19 8 13 18 25 36 
30.2 8 13 18 25 36 
30.21 8 13 18 25 36 
30.22 8 13 18 25 36 
30.23 8 13 18 25 36 
30.24 8 13 18 25 36 
30.25 8 13 18 25 36 
30.26 8 13 18 25 36 
30.27 8 13 18 25 36 
30.28 8 13 18 25 36 
30.29 8 13 18 25 36 
30.3 8 13 18 25 36 
30.31 8 13 18 25 36 
30.32 8 13 18 25 36 
30.33 8 13 18 25 36 
30.34 8 13 18 25 36 
30.35 8 13 18 25 36 
30.36 8 13 18 25 36 
30.37 8 13 18 25 36 
30.38 8 13 18 25 36 
30.39 8 13 18 25 36 
30.4 8 13 18 25 36 
30.41 8 13 18 25 36 
30.42 8 13 18 25 36 
30.43 8 13 18 25 36 
30.44 8 13 18 25 36 
30.45 8 12 18 25 36 
30.46 8 12 18 24 36 
30.47 8 12 18 24 36 
30.48 8 12 18 24 36 
30.49 8 12 18 24 36 
30.5 8 12 18 24 36 
30.51 8 12 18 24 36 
30.52 8 12 18 24 36 
30.53 8 13 18 24 36 
30.54 8 13 18 24 36 
30.55 8 13 18 24 36 
30.56 8 13 18 24 36 
30.57 8 13 18 24 35 
30.58 8 13 18 24 35 
30.59 8 13 18 24 35 
30.6 8 13 18 24 35 
30.61 8 13 18 24 35 
30.62 8 13 18 24 35 
30.63 8 12 18 24 35 
30.64 8 12 18 24 35 
30.65 7 12 18 24 35 
30.66 7 12 18 24 35 
30.67 7 12 18 24 35 
30.68 7 12 18 24 35 
30.69 7 12 18 24 35 
30.7 7 12 18 24 35 
30.71 7 12 18 24 35 
30.72 7 12 18 24 35 
30.73 7 12 18 24 35 
30.74 7 12 18 24 35 
30.75 7 12 18 24 35 
30.76 7 12 18 24 35 
30.77 7 12 18 24 35 
30.78 7 12 18 24 35 
30.79 7 12 18 24 35 
30.8 7 12 18 24 35 
30.81 7 12 18 24 35 
30.82 7 12 18 24 35 
30.83 7 12 18 24 35 
30.84 7 12 18 24 35 
30.85 7 12 18 24 35 
30.86 7 12 18 24 35 
30.87 7 12 18 24 35 
30.88 7 12 18 24 35 
30.89 7 12 18 24 35 
30.9 7 12 18 24 35 
30.91 7 12 18 24 35 
30.92 7 12 18 24 35 
30.93 7 12 18 24 35 
30.94 7 12 18 24 35 
30.95 7 12 18 24 35 
30.96 7 12 18 24 35 
30.97 7 12 18 24 35 
30.98 7 12 18 24 35 
30.99 7 12 18 24 35 
31 7 12 18 24 35 
31.01 7 12 18 24 35 
31.02 7 12 18 24 35 
31.03 7 12 18 24 35 
31.04 7 12 18 24 35 
31.05 7 12 18 24 35 
31.06 7 12 18 24 35 
31.07 7 12 18 24 35 
31.08 7 12 18 24 35 
31.09 7 12 18 24 35 
31.1 7 12 18 24 35 
31.11 7 12 18 24 35 
31.12 7 12 18 24 34 
31.13 7 12 18 24 34 
31.14 7 12 18 24 34 
31.15 7 12 18 24 34 
31.16 7 12 18 24 34 
31.17 7 12 18 24 34 
31.18 7 12 18 24 34 
31.19 7 12 18 24 34 
31.2 7 12 18 24 34 
31.21 7 12 18 24 34 
31.22 7 12 18 24 34 
31.23 7 12 18 24 34 
31.24 7 12 18 24 34 
31.25 7 12 18 24 34 
31.26 7 12 17 24 34 
31.27 7 12 17 24 34 
31.28 7 12 17 24 34 
31.29 7 12 17 24 34 
31.3 7 12 17 24 34 
31.31 7 12 17 24 34 
31.32 7 12 17 24 34 
31.33 7 12 17 24 34 
31.34 7 12 17 24 34 
31.35 7 12 17 24 34 
31.36 7 12 17 24 34 
31.37 7 12 17 24 34 
31.38 7 12 17 24 34 
31.39 7 12 17 24 34 
31.4 7 12 17 24 34 
31.41 7 12 17 24 34 
31.42 7 12 17 23 34 
31.43 7 12 17 23 34 
31.44 7 12 17 23 34 
31.45 7 12 17 23 34 
31.46 7 12 17 23 34 
31.47 7 12 17 23 34 
31.48 7 12 17 23 34 
31.49 7 12 17 23 34 
31.5 7 12 17 23 34 
31.51 7 12 17 23 34 
31.52 7 12 17 23 34 
31.53 7 12 17 23 34 
31.54 7 12 17 23 34 
31.55 7 12 17 23 34 
31.56 7 12 17 23 34 
31.57 7 12 17 23 34 
31.58 7 12 17 23 34 
31.59 7 12 17 23 34 
31.6 7 12 17 23 34 
31.61 7 12 17 23 34 
31.62 7 12 17 23 34 
31.63 7 12 17 23 34 
31.64 7 12 17 23 34 
31.65 7 12 17 23 34 
31.66 7 12 17 23 34 
31.67 7 12 17 23 34 
31.68 7 12 17 23 34 
31.69 7 12 17 23 34 
31.7 7 12 17 23 34 
31.71 7 12 17 23 34 
31.72 7 12 17 23 34 
31.73 7 12 17 23 34 
31.74 7 12 17 23 34 
31.75 7 12 17 23 34 
31.76 7 12 17 23 34 
31.77 7 12 17 23 34 
31.78 7 12 17 23 34 
31.79 7 12 17 23 34 
31.8 7 12 17 23 34 
31.81 7 12 17 23 34 
31.82 7 12 17 23 34 
31.83 7 12 17 23 34 
31.84 7 12 17 23 34 
31.85 7 12 17 23 34 
31.86 7 12 17 23 34 
31.87 7 12 17 23 33 
31.88 7 12 17 23 33 
31.89 7 12 17 23 33 
31.9 7 12 17 23 33 
31.91 7 12 17 23 33 
31.92 7 12 17 23 33 
31.93 7 12 17 23 33 
31.94 7 12 17 23 33 
31.95 7 12 17 23 33 
31.96 7 12 17 23 33 
31.97 7 12 17 23 33 
31.98 7 12 17 23 33 
31.99 7 12 17 23 33 
32 7 12 17 23 33 
32.01 7 12 17 23 33 
32.02 7 12 17 23 33 
32.03 7 12 17 23 33 
32.04 7 12 17 23 33 
32.05 7 12 17 23 33 
32.06 7 12 17 23 33 
32.07 7 12 17 23 33 
32.08 7 12 17 23 33 
32.09 7 12 17 23 33 
32.1 7 12 17 23 33 
32.11 7 12 17 23 33 
32.12 7 12 17 23 33 
32.13 7 12 17 23 33 
32.14 7 12 17 23 33 
32.15 7 12 17 23 33 
32.16 7 12 17 23 33 
32.17 7 12 17 23 33 
32.18 7 12 17 23 33 
32.19 7 12 17 23 33 
32.2 7 12 17 22 33 
32.21 7 12 17 22 33 
32.22 7 12 17 22 33 
32.23 7 12 17 22 33 
32.24 7 12 17 22 33 
32.25 7 12 17 22 33 
32.26 7 12 16 22 33 
32.27 7 12 16 22 33 
32.28 7 12 16 22 33 
32.29 7 12 16 22 33 
32.3 7 12 16 22 33 
32.31 7 12 16 22 33 
32.32 7 12 16 22 33 
32.33 7 12 16 22 33 
32.34 7 12 16 22 33 
32.35 7 12 16 22 33 
32.36 7 12 16 22 33 
32.37 7 12 16 22 33 
32.38 7 12 16 22 33 
32.39 7 12 16 22 33 
32.4 7 12 16 22 33 
32.41 7 12 16 22 33 
32.42 7 12 16 22 33 
32.43 7 12 16 22 33 
32.44 7 12 16 22 33 
32.45 7 12 16 22 33 
32.46 7 12 16 22 33 
32.47 7 12 16 22 33 
32.48 7 12 16 22 33 
32.49 7 12 16 22 33 
32.5 7 12 16 22 33 
32.51 7 12 16 22 33 
32.52 7 12 16 22 33 
32.53 7 12 16 22 33 
32.54 7 12 16 22 33 
32.55 7 12 16 22 33 
32.56 7 12 16 22 33 
32.57 7 12 16 22 33 
32.58 7 12 16 22 33 
32.59 7 12 16 22 32 
32.6 7 12 16 22 32 
32.61 7 12 16 22 32 
32.62 7 12 16 22 32 
32.63 7 12 16 22 32 
32.64 7 11 16 22 32 
32.65 7 11 16 22 32 
32.66 7 11 16 22 32 
32.67 7 11 16 22 32 
32.68 7 11 16 22 32 
32.69 7 11 16 22 32 
32.7 7 11 16 22 32 
32.71 7 11 16 22 32 
32.72 7 11 16 22 32 
32.73 7 11 16 22 32 
32.74 7 11 16 22 32 
32.75 7 11 16 22 32 
32.76 7 11 16 22 32 
32.77 7 11 16 22 32 
32.78 7 11 16 22 32 
32.79 7 11 16 22 32 
32.8 7 11 16 22 32 
32.81 7 11 16 22 32 
32.82 7 11 16 22 32 
32.83 7 11 16 22 32 
32.84 7 11 16 22 32 
32.85 7 11 16 22 32 
32.86 7 11 16 22 32 
32.87 7 11 16 22 32 
32.88 7 11 16 22 32 
32.89 7 11 16 22 32 
32.9 7 11 16 22 32 
32.91 7 11 16 22 32 
32.92 7 11 16 22 32 
32.93 7 11 16 22 32 
32.94 7 11 16 22 32 
32.95 7 11 16 22 32 
32.96 7 11 16 22 32 
32.97 7 11 16 22 32 
32.98 7 11 16 22 32 
32.99 7 11 16 22 32 
33 7 11 16 22 32 
33.01 7 11 16 22 32 
33.02 7 11 16 22 32 
33.03 7 11 16 22 32 
33.04 7 11 16 22 32 
33.05 7 11 16 22 32 
33.06 7 11 16 22 32 
33.07 7 11 16 22 32 
33.08 7 11 16 22 32 
33.09 7 11 16 22 32 
33.1 7 11 16 22 32 
33.11 7 11 16 22 32 
33.12 7 11 16 22 32 
33.13 7 11 16 22 31 
33.14 7 11 16 22 31 
33.15 7 11 16 21 31 
33.16 7 11 16 21 31 
33.17 7 11 16 21 31 
33.18 7 11 16 21 31 
33.19 7 11 16 21 31 
33.2 7 11 16 21 31 
33.21 7 11 16 21 31 
33.22 7 11 16 21 31 
33.23 7 11 16 21 31 
33.24 7 11 16 21 31 
33.25 7 11 16 21 31 
33.26 7 11 16 21 31 
33.27 7 11 16 21 31 
33.28 7 11 16 21 31 
33.29 7 11 16 21 31 
33.3 7 11 16 21 31 
33.31 7 11 16 21 31 
33.32 7 11 16 21 31 
33.33 7 11 16 21 31 
33.34 7 11 16 21 31 
33.35 7 11 16 21 31 
33.36 7 11 16 21 31 
33.37 7 11 16 21 31 
33.38 7 11 16 21 31 
33.39 7 11 16 21 31 
33.4 7 11 16 21 31 
33.41 7 11 16 21 31 
33.42 7 11 16 21 31 
33.43 7 11 16 21 31 
33.44 7 11 16 21 31 
33.45 7 11 16 21 31 
33.46 7 11 16 21 31 
33.47 7 11 16 21 31 
33.48 7 11 16 21 31 
33.49 7 11 15 21 31 
33.5 7 11 15 21 31 
33.51 7 11 15 21 31 
33.52 7 11 15 21 31 
33.53 7 11 15 21 31 
33.54 7 11 15 21 31 
33.55 7 11 15 21 31 
33.56 7 11 15 21 31 
33.57 7 11 15 21 31 
33.58 7 11 15 21 31 
33.59 7 11 15 21 31 
33.6 7 11 15 21 31 
33.61 7 11 15 21 31 
33.62 7 11 15 21 31 
33.63 7 11 15 21 31 
33.64 6 11 15 21 31 
33.65 6 11 15 21 31 
33.66 6 11 15 21 31 
33.67 6 11 15 21 31 
33.68 6 11 15 21 31 
33.69 6 11 15 21 31 
33.7 6 11 15 21 31 
33.71 6 11 15 21 31 
33.72 6 11 15 21 31 
33.73 6 11 15 21 31 
33.74 6 11 15 21 31 
33.75 6 11 15 21 31 
33.76 6 11 15 21 31 
33.77 6 11 15 21 31 
33.78 6 11 15 21 31 
33.79 6 11 15 21 31 
33.8 6 11 15 21 31 
33.81 6 11 15 21 31 
33.82 6 11 15 21 31 
33.83 6 11 15 21 31 
33.84 6 11 15 21 31 
33.85 6 11 15 21 31 
33.86 6 11 15 21 31 
33.87 6 11 15 21 31 
33.88 6 11 15 21 31 
33.89 6 11 15 21 31 
33.9 6 11 15 21 31 
33.91 6 11 15 21 30 
33.92 6 11 15 21 30 
33.93 6 11 15 21 30 
33.94 6 11 15 21 30 
33.95 6 11 15 21 30 
33.96 6 11 15 21 30 
33.97 6 11 15 21 30 
33.98 6 11 15 21 30 
33.99 6 11 15 21 30 
34 6 11 15 21 30 
34.01 6 11 15 21 30 
34.02 6 11 15 21 30 
34.03 6 11 15 21 30 
34.04 6 11 15 21 30 
34.05 6 11 15 21 30 
34.06 6 11 15 21 30 
34.07 6 11 15 20 30 
34.08 6 11 15 20 30 
34.09 6 11 15 20 30 
34.1 6 11 15 20 30 
34.11 6 11 15 20 30 
34.12 6 11 15 20 30 
34.13 6 11 15 20 30 
34.14 6 11 15 20 30 
34.15 6 11 15 20 30 
34.16 6 11 15 20 30 
34.17 6 11 15 20 30 
34.18 6 11 15 20 30 
34.19 6 11 15 20 30 
34.2 6 11 15 20 30 
34.21 6 10 15 20 30 
34.22 6 10 15 20 30 
34.23 6 10 15 20 30 
34.24 6 10 15 20 30 
34.25 6 10 15 20 30 
34.26 6 10 15 20 30 
34.27 6 10 15 20 30 
34.28 6 10 15 20 30 
34.29 6 10 15 20 30 
34.3 6 10 15 20 30 
34.31 6 10 15 20 30 
34.32 6 10 15 20 30 
34.33 6 10 15 20 30 
34.34 6 10 15 20 30 
34.35 6 10 15 20 30 
34.36 6 10 15 20 30 
34.37 6 10 15 20 30 
34.38 6 10 15 20 30 
34.39 6 10 15 20 30 
34.4 6 10 15 20 30 
34.41 6 10 15 20 30 
34.42 6 10 15 20 30 
34.43 6 10 15 20 30 
34.44 6 10 15 20 30 
34.45 6 10 15 20 30 
34.46 6 10 15 20 30 
34.47 6 10 15 20 30 
34.48 6 10 15 20 30 
34.49 6 10 15 20 30 
34.5 6 10 15 20 30 
34.51 6 10 15 20 30 
34.52 6 10 15 20 30 
34.53 6 10 15 20 30 
34.54 6 10 15 20 30 
34.55 6 10 15 20 30 
34.56 6 10 15 20 29 
34.57 6 10 15 20 29 
34.58 6 10 15 20 29 
34.59 6 10 15 20 29 
34.6 6 10 15 20 29 
34.61 6 10 15 20 29 
34.62 6 10 15 20 29 
34.63 6 10 15 20 29 
34.64 6 10 15 20 29 
34.65 6 10 15 20 29 
34.66 6 10 15 20 29 
34.67 6 10 15 20 29 
34.68 6 10 15 20 29 
34.69 6 10 15 20 29 
34.7 6 10 15 20 29 
34.71 6 10 15 20 29 
34.72 6 10 15 20 29 
34.73 6 10 15 20 29 
34.74 6 10 15 20 29 
34.75 6 10 15 20 29 
34.76 6 10 15 20 29 
34.77 6 10 15 20 29 
34.78 6 10 15 20 29 
34.79 6 10 15 20 29 
34.8 6 10 15 20 29 
34.81 6 10 15 20 29 
34.82 6 10 15 20 29 
34.83 6 10 15 20 29 
34.84 6 10 15 20 29 
34.85 6 10 15 20 29 
34.86 6 10 15 20 29 
34.87 6 10 15 20 29 
34.88 6 10 15 20 29 
34.89 6 10 15 20 29 
34.9 6 10 15 20 29 
34.91 6 10 15 20 29 
34.92 6 10 14 20 29 
34.93 6 10 14 20 29 
34.94 6 10 14 20 29 
34.95 6 10 14 20 29 
34.96 6 10 14 20 29 
34.97 6 10 14 20 29 
34.98 6 10 14 20 29 
34.99 6 10 14 20 29 
35 6 10 14 20 29 
35.01 6 10 14 20 29 
35.02 6 10 14 20 29 
35.03 6 10 14 20 29 
35.04 6 10 14 20 29 
35.05 6 10 14 20 29 
35.06 6 10 14 20 29 
35.07 6 10 14 20 29 
35.08 6 10 14 20 29 
35.09 6 10 14 20 29 
35.1 6 10 14 20 29 
35.11 6 10 14 20 29 
35.12 6 10 14 20 29 
35.13 6 10 14 20 29 
35.14 6 10 14 20 29 
35.15 6 10 14 20 29 
35.16 6 10 14 20 29 
35.17 6 10 14 20 29 
35.18 6 10 14 20 29 
35.19 6 10 14 20 29 
35.2 6 10 14 20 29 
35.21 6 10 14 20 29 
35.22 6 10 14 20 29 
35.23 6 10 14 20 29 
35.24 6 10 14 20 29 
35.25 6 10 14 20 29 
35.26 6 10 14 20 29 
35.27 6 10 14 20 29 
35.28 6 10 14 20 29 
35.29 6 10 14 19 29 
35.3 6 10 14 19 29 
35.31 6 10 14 19 29 
35.32 6 10 14 19 29 
35.33 6 10 14 19 29 
35.34 6 10 14 19 29 
35.35 6 10 14 19 29 
35.36 6 10 14 19 29 
35.37 6 10 14 19 29 
35.38 6 10 14 19 29 
35.39 6 10 14 19 29 
35.4 6 10 14 19 28 
35.41 6 10 14 19 28 
35.42 6 10 14 19 28 
35.43 6 10 14 19 28 
35.44 6 10 14 19 28 
35.45 6 10 14 19 28 
35.46 6 10 14 19 28 
35.47 6 10 14 19 28 
35.48 6 10 14 19 28 
35.49 6 10 14 19 28 
35.5 6 10 14 19 28 
35.51 6 10 14 19 28 
35.52 6 10 14 19 28 
35.53 6 10 14 19 28 
35.54 6 10 14 19 28 
35.55 6 10 14 19 28 
35.56 6 10 14 19 28 
35.57 6 10 14 19 28 
35.58 6 10 14 19 28 
35.59 6 10 14 19 28 
35.6 6 10 14 19 28 
35.61 6 10 14 19 28 
35.62 6 10 14 19 28 
35.63 6 10 14 19 28 
35.64 6 10 14 19 28 
35.65 6 10 14 19 28 
35.66 6 10 14 19 28 
35.67 6 10 14 19 28 
35.68 6 10 14 19 28 
35.69 6 10 14 19 28 
35.7 6 10 14 19 28 
35.71 6 10 14 19 28 
35.72 6 10 14 19 28 
35.73 6 10 14 19 28 
35.74 6 10 14 19 28 
35.75 6 10 14 19 28 
35.76 6 10 14 19 28 
35.77 6 10 14 19 28 
35.78 6 10 14 19 28 
35.79 6 10 14 19 28 
35.8 6 10 14 19 28 
35.81 6 10 14 19 28 
35.82 6 10 14 19 28 
35.83 6 10 14 19 28 
35.84 6 10 14 19 28 
35.85 6 10 14 19 28 
35.86 6 10 14 19 28 
35.87 6 10 14 19 28 
35.88 6 10 14 19 28 
35.89 6 10 14 19 28 
35.9 6 10 14 19 28 
35.91 6 10 14 19 28 
35.92 6 10 14 19 28 
35.93 6 10 14 19 28 
35.94 6 10 14 19 28 
35.95 6 10 14 19 28 
35.96 6 10 14 19 28 
35.97 6 10 14 19 28 
35.98 6 10 14 19 28 
35.99 6 10 14 19 28 
36 6 10 14 19 28 
36.01 6 10 14 19 28 
36.02 6 10 14 19 28 
36.03 6 10 14 19 28 
36.04 6 10 14 19 28 
36.05 6 10 14 19 28 
36.06 6 10 14 19 28 
36.07 6 10 14 19 28 
36.08 6 10 14 19 28 
36.09 6 10 14 19 27 
36.1 6 10 14 19 27 
36.11 6 10 14 19 27 
36.12 6 10 14 19 27 
36.13 6 10 14 19 27 
36.14 6 10 14 19 27 
36.15 6 10 14 19 27 
36.16 6 10 14 19 27 
36.17 6 10 14 19 27 
36.18 6 10 14 19 27 
36.19 6 10 14 19 27 
36.2 6 10 14 19 27 
36.21 6 10 14 19 27 
36.22 6 10 14 19 27 
36.23 6 10 14 19 27 
36.24 6 10 14 19 27 
36.25 6 10 14 19 27 
36.26 6 10 14 19 27 
36.27 6 10 14 19 27 
36.28 6 10 14 19 27 
36.29 6 10 14 19 27 
36.3 6 10 14 19 27 
36.31 6 10 14 19 27 
36.32 6 10 14 19 27 
36.33 6 9 14 19 27 
36.34 6 9 14 19 27 
36.35 6 9 14 19 27 
36.36 6 9 14 19 27 
36.37 6 9 14 19 27 
36.38 6 9 14 19 27 
36.39 6 9 14 19 27 
36.4 6 9 14 19 27 
36.41 6 9 14 19 27 
36.42 6 9 14 19 27 
36.43 6 9 14 19 27 
36.44 6 9 14 19 27 
36.45 6 9 14 19 27 
36.46 6 9 14 19 27 
36.47 6 9 14 19 27 
36.48 6 9 14 19 27 
36.49 6 9 14 19 27 
36.5 6 9 14 18 27 
36.51 6 9 14 18 27 
36.52 6 9 14 18 27 
36.53 6 9 14 18 27 
36.54 6 9 14 18 27 
36.55 6 9 14 18 27 
36.56 6 9 14 18 27 
36.57 6 9 14 18 27 
36.58 6 9 14 18 27 
36.59 6 9 14 18 27 
36.6 6 9 14 18 27 
36.61 6 9 14 18 27 
36.62 6 9 14 18 27 
36.63 6 9 13 18 27 
36.64 6 9 13 18 27 
36.65 6 9 13 18 27 
36.66 6 9 13 18 27 
36.67 6 9 13 18 27 
36.68 6 9 13 18 27 
36.69 6 9 13 18 27 
36.7 6 9 13 18 27 
36.71 6 9 13 18 27 
36.72 6 9 13 18 27 
36.73 6 9 13 18 27 
36.74 6 9 13 18 27 
36.75 6 9 13 18 27 
36.76 6 9 13 18 27 
